0.10364032800872149
0.10776871022038592
0.09668239616728491
0.25122873172919374
0.38781375742479296
0.2804581447963797
0.35048976870608656
0.09314408078727798
0.3599462623548597
0.23509738343497938
0.03719291377116563
0.3887219121225129
0.07164250628968494
0.19880934166052305
0.11397058823529384
0.22952710495963066
0.3749622926093509
0.15521871610804114
0.2869580589561142
0.16427093831220496
0.25274370390762685
0.19315768395247496
0.39852674282053946
0.4182612804157804
0.45124770036322415
0.34448051427135035
0.1118389646210148
0.20567899374858614
0.0482541087930938
0.36141819675426207
0.29402675311690446
0.0928218039685192
0.11313957803462958
0.34403461983595784
0.3448317245872398
0.6903953267219127
0.18697689005625476
0.19027316086139595
0.14374953521231493
0.33393919365498964
0.35849202066147445
0.1104146576663452
0.1457031710479783
0.23961786174323688
0.15475906961975025
0.3034986543637058
0.5622689075630243
0.41480075901328284
0.2619034561428522
0.20778976122074078
0.22307316278311837
0.20800303859436786
0.44612461404480963
0.3760549038206695
0.4727629933916758
0.3994755703172798
0.3953428046931118
0.2880001664620566
0.2559131898721515
0.6290180407827455
0.3838667497433103
0.3916251246261207
0.35145342183565964
0.10263243418914521
0.5189238486092099
0.11794656762908809
0.5829746532759433
0.4340627666197793
0.21071586529348454
0.3824297342958067
0.33128241915903284
0.3679093791848056
0.3513969770333039
0.07724024189114903
0.20474870890540356
0.23970886529053806
0.07499146447569846
0.1576965234254235
0.489999999999999
0.41129195650705624
0.1884929154143409
0.3941206074780185
0.1930720727911242
0.4984446263594893
0.6151741555298308
0.031908513204800634
0.18774858697927543
0.08373949579831919
0.4794511554621839
0.4489036329800132
0.06588398071092842
0.11503309171131408
0.13960683696185322
0.44103014340064267
0.3424323575584075
0.365410680401192
0.5194309388481803
0.018180620512482714
0.3502440277421003
0.39947969359734015
0.2473912035247736
0.2562918838421438
0.1970265554413551
0.7248121932037
0.08467447989682046
0.6256241627085606
0.36843137254901936
0.08495948070797872
0.2751910904407849
0.23280488481136685
0.3209917271481493
0.06801572693509891
0.126927801282926
0.45010066931490333
0.19577815126050419
0.19338872193742226
0.2482855497583187
0.42430795847750796
0.14325147534742041
0.2335225582868888
0.4775728473207453
0.3370311578756401
0.22655603266736646
0.38905546351821185
0.18532795205181515
0.3653234650802286
0.12995245641838368
0.19431724785722657
0.3620163739146596
0.51218427852955
0.2886144916425957
0.06451514060501105
0.43678160919540104
0.2236942190669374
0.382672634271099
0.2625734209079594
0.22934103501119857
0.35305699931954043
0.067327378161064
0.0675050709939147
0.40352626331531655
0.48828476829593137
0.5124626121635081
0.24598930481283396
0.11368816731315212
0.33585514076646233
0.10562022974327338
0.03460207612456755
0.3485200449606591
0.027509311584895932
0.165685489568125
0.11909286824947934
0.05766540353737956
0.03729027578147033
0.21187521251275046
0.2446433497838944
0.406770680675489
0.44746792289096804
0.5039619874795553
0.2532468864769482
0.3810741687979533
0.36747724493954526
0.11972945050687667
0.18982789622399118
0.4178429698096146
0.2040422921899643
0.13185443668993008
0.17402845614780188
0.4711757362120869
0.009356330422794127
0.2903243540406809
0.2706660535531107
0.3816594599004646
0.3221111924067625
0.25411110202078036
0.3855688061101433
0.08370713833775605
0.16379738137954714
0.41843021232161387
0.07947371526343716
0.17023912309020603
0.29957219251336853
0.09180949099991378
0.20369686844354606
0.07012089468003982
0.40161989691565025
0.38940630403786
0.35912478198826625
0.18409085322386365
0.7318159127872335
0.047628083491460985
0.28148553623310385
0.43435264924828415
0.1397795680677368
0.19588235294117629
0.10181322890950859
0.18833455439226687
0.19774162579431706
0.1687740516767453
0.15204077494017576
0.28735585079789105
0.26435152374202625
0.6084174255476239
0.20149222968795064
0.1058001851840492
0.31191875392251905
0.5601937416353308
0.06568327303089337
0.48467590857999143
0.23351697174338001
0.25264186671553357
0.18114867994441855
0.5447421434327149
0.22068301279752395
0.0718406451897746
0.3150231634679014
0.18288666818078567
0.22322730745190603
0.24629951274996498
0.08240800220244086
0.2447864231267072
0.43441650853889874
0.15672483400620568
0.03211629479377953
0.8520328081272238
0.09737565188134344
0.3698796477043909
0.11083591331269334
0.2260698918367877
0.22833911721685274
0.25492626725525674
0.4840546697038713
0.13641117898083813
0.439564270152505
0.2923450276971772
0.2399188640973626
0.3420228186664169
0.12015072581053039
0.2105965587015483
0.686076086368309
0.15798451646765485
0.05298708112007346
0.187487583304737
0.1466773359138025
0.5451839700023425
0.3273474867835866
0.42159932970056363
0.31694416377454565
0.16756483938718003
0.5076936604238099
0.3821633916724582
0.15722585330428435
0.3197457370598316
0.36522710349962617
0.2928621871158412
0.3361163137678164
0.0664696743534285
0.10354026314599618
0.2857152271618931
0.2580797234298879
0.46482122260668923
0.17335556262407992
0.35133380730116476
0.23279524214103642
0.33509021659677524
0.34041779255871996
0.2610221026780492
0.28180925772105914
0.33012356330693565
0.20669008667111102
0.3582758184005558
0.19751505375019962
0.7010893246187355
0.4976482804959971
0.45885611862473424
0.3604308105891456
0.32420999727765676
0.20182154785051729
0.35209173922276465
0.15657695884677975
0.5229365609274089
0.20600598950462884
0.32972877773863984
0.4927993121731012
0.6371471054982861
0.3409830299832927
0.029094941387686084
0.012995896032831739
0.141855152235775
0.304770727188512
0.20612779186778993
0.47494553376906257
0.09279439564105406
0.4415669909845559
0.39291274622622285
0.21398862575333139
0.31631520532741364
0.5041639127561119
0.16795862275098905
0.028681664391286225
0.49127094717336206
0.3369341880236721
0.12148258934494426
0.18716986221313128
0.5746597831013622
0.10103485838779944
0.7258042805222772
0.30874228144296334
0.3061053805408419
0.563177998472116
0.482525191628627
0.12131831455986604
0.4621287213316463
0.3177731387706163
0.37626479163093673
0.49143660046329635
0.4617524339360212
0.20840418953389497
0.3983007035446954
0.13877196237950576
0.6165799575886924
0.3084420379030273
0.46616391933729273
0.36300606960676585
0.05851516534481261
0.7021092102179526
0.16321685413977485
0.16821282044581456
0.34181816029219214
0.32034310467507393
0.2800047438330162
0.5802108321789353
0.18246706772153123
0.1839286715639544
0.11264402668283767
0.6526129242462075
0.250597407613024
0.19071801382423448
0.10863634407676735
0.1685401006827112
0.27015700446414975
0.2692965613545117
0.18504117341693518
0.3553596808949613
0.10147904683648307
0.5579250029950875
0.2048016266931366
0.20378808377076682
0.7348773150665076
0.1648513296861314
0.6081052104924581
0.10764205062830055
0.3971059793592191
0.2852720035382561
0.11859732806648147
0.48983071489465313
0.35220508225052727
0.5509839767716952
0.2841581076875193
0.19019844939184838
0.4359161144810391
0.14690154136520905
0.4408998709201541
0.34002443707453267
0.2392494929006083
0.2670814217841725
0.12962533079530172
0.32293967532328244
0.45766719719361887
0.5080213903743308
0.1850380709108906
0.22312612988457775
0.645748861580686
0.18572338682765477
0.3181014895228478
0.45633421388285933
0.018499621449027254
0.20815776167200375
0.09214488407539125
0.24308116727482543
0.5363510195366704
0.5240370259779038
0.1538865546218488
0.29453360601753864
0.3257203842049086
0.2944386193910077
0.1784182475285116
0.4563562121589562
0.3453263884957247
0.0629687804968723
0.3539229553207416
0.5894406133296431
0.34040330164037186
0.13941316574264942
0.7011797137876515
0.4587495375508689
0.3875352304754971
0.247553286422751
0.0558089616313388
0.026774296675191767
0.089499497364974
0.18207990129436882
0.18305042898586477
0.35990548439248804
0.5446483324685137
0.2541369334619095
0.40359019058163853
0.3102535049759046
0.3270272933293909
0.11911502568942002
0.36685850960460353
0.13133874239350887
0.312181565539601
0.15970244525189006
0.4946040431676535
0.3025318374772587
0.5201386286998861
0.4565340587101888
0.31146654887624303
0.18317757009345773
0.1874762808349143
0.0951003095480785
0.4422956288671544
0.017315788779052096
0.36890386110391227
0.2611714213582427
0.0675034687489914
0.3690514043455205
0.28437334554351956
0.22643350638198143
0.045644680685413316
0.211487889273356
0.2904915390813861
0.6704952257321993
0.25343521759191534
0.25742209109349046
0.18344965104685884
0.08772934252922536
0.31480706832031213
0.14082636646243887
0.3687819955568424
0.6033545948499864
0.1993666451811784
0.05932886771963384
0.1124648404060164
0.18546501169275056
0.7165313405943544
0.3473774125034627
0.16934668604283803
0.3741800677105367
0.20472192773846004
0.5235721407206928
0.32689661457146724
0.35535955615619746
0.5752442319684046
0.22994652406417052
0.10129658236856252
0.023259885716711153
0.11787895184354925
0.21775213913490946
0.07645044319097485
0.14012224527561182
0.07170493246530601
0.2283426952410755
0.5767879406097687
0.03709619093539048
0.2241090219078823
0.29862302002049695
0.17382075790555268
0.3793148028442142
0.2683990187190011
0.14287912200625663
0.26394332687702987
0.24254251463618595
0.1449298648713785
0.14126910606762375
0.18076337552974087
0.03467373526591842
0.38432467959250627
0.4297750637705794
0.36305298979095707
0.22077304889639848
0.2931964732201597
0.23719165085389035
0.3082804761490998
0.30354644443092627
0.22936544696618752
0.41224100976422834
0.11628114964022898
0.2846837421764278
0.3249476865845147
0.11596460618145563
0.16726276539076132
0.0688382880033733
0.2644638283264818
0.1904054512279792
0.20086471726021185
0.31516785585111584
0.3240275872777617
0.240524181700652
0.6011296264669276
0.5794191671959846
0.07378801461968124
0.2821411112921615
0.19148936170212752
0.4147742818057447
0.007463537590983969
0.024439591139885943
0.23023438939802562
0.3183636060656557
0.5980038224676135
0.16585233168451446
0.3688979039891816
0.03894281370599924
0.10158647254684325
0.3045862412761712
0.08708018962409017
0.09744291276439031
0.18035429017714444
0.12610138051582065
0.11825441457653797
0.07278645219114123
0.4535552894828319
0.2847923776058375
0.29850676946657057
0.38976470588235207
0.4359993504434767
0.3619711042311658
0.09523670025779221
0.09331684505621819
0.285498814910579
0.4783492454573447
0.4086720525119908
0.17813033927263847
0.18921910227505578
0.21700117040183706
0.06204423918327657
0.21882493583207277
0.5242473863206939
0.5003541026331064
0.37980982764137416
0.3139894880840947
0.27280052743388705
0.2587361677344203
0.19838309013412467
0.3793493717171126
0.11897416793750937
0.049700675383519105
0.4035403290790465
-0.0019356606940970755
0.20559037645501593
0.165400477534187
0.044577205882352894
0.33951114692452244
0.358018242220057
0.2561295530218947
0.30865738414406785
0.2548760587458224
0.1258954314419047
0.2368659342912303
0.11890107672571586
0.01873851711145016
0.3944125071593723
0.02366769492607168
0.22335956519277506
0.24481263204714762
0.1250507099391479
0.14503378159204414
0.6239494564635424
0.10102437743117658
0.34859422492401115
0.41505312054454174
0.30296180424244434
0.25404433792690195
0.4189462287982679
0.3857779710775235
0.17076037726388918
0.09772762315935529
0.416203307240468
0.19751764705882333
0.40580103008945484
0.24015764538174467
0.14802361347267046
0.05404019688269064
0.37273525421023096
0.26315938275723627
0.050997222923504074
0.13425983815937542
0.034535267196123196
0.5918999178618811
0.0718287314925968
0.22118690657000922
0.525846702317289
0.48888940434217765
0.2352941176470588
0.41813287815125894
0.3773605383112657
0.47344645218157694
0.3948202231712354
0.20462782269305824
0.17273603414449457
0.1366692407421837
0.0895030425963487
0.40312396144898555
0.35371517027863764
0.23323374884104217
0.40157633734121867
0.21687437686939154
0.061396858616381604
0.175972316187898
0.34229998267712597
0.5063407181054228
0.005537193106560476
0.2658547794117646
0.23489450127877218
0.3512153027470154
0.3687335943887424
0.39792387543252494
0.11235123284550978
0.3343060461782617
0.3787195616759293
0.3860238295135852
0.4722112558670003
0.11693260300071431
0.27931849272478537
0.250995785949316
0.32744746013306586
0.25281836012684883
0.28348951731876004
0.5906927106005916
0.5709378641967722
0.6524441806987588
0.14201553155404772
0.12627606158347995
0.042289761292130426
0.07570619066350556
0.27433298447334054
0.1627999425788709
0.6882991819244267
0.053776210799777194
0.14479638009049733
0.3247018044652864
0.43970396168915876
0.18389652353330493
0.5581512605042005
0.3798942402257726
0.09430574555403569
0.2132623094623624
0.3869791314918619
0.281808458920758
0.6394898101758497
0.37774234448841504
0.4491711896728763
0.2823673146717453
0.44698232288735185
0.19914077990746876
0.3861818828053047
0.3510193850267375
0.45652876535229403
0.46432908790832234
0.3466860428381885
0.06708084303239989
0.22340181901459097
0.350171740967863
0.47996083094355374
0.6048079582310195
0.2610643149664924
0.30868244261826117
0.15406222990492602
0.36185217581456314
0.16891504637475738
0.3800904977375562
0.4054621848739483
0.5185758513931885
0.36081932773109215
0.08503836317135538
0.09018145934981622
0.2577665105487045
0.07438720818102287
0.40101994996471757
0.40107776608484025
0.4368256178210918
0.10908166458072592
0.18422632892121546
0.2529842206381022
0.4041636649661111
0.23551554828150514
0.2791829338912446
0.5242195202103175
0.38546339399068974
0.23167420814479642
0.28310405941429617
0.2880248144455522
0.8461525959778825
0.26373263831612237
0.05492975235932728
0.15602804589327976
-0.006822241091558543
0.201608648243032
0.3203572528487828
0.7908278503387997
0.1192927119849833
0.7144751498435259
0.3137332881054582
0.14322577870482842
0.1988112318097969
0.22239899518526243
0.37759048663626354
0.46815940334148326
0.19995167596538263
0.020094320278859917
0.4134861868069904
0.3258487515717616
0.34353526000292395
0.1622143524392451
0.2692158440206326
0.36809377456936426
0.2940993656345775
0.2406365581645807
0.046905148126013756
0.38746389470224973
0.02342208683849176
0.28650519031141825
0.4840336134453767
0.3384539278994368
0.10810671433973941
0.2984635645302897
0.3160770169203839
0.11878264819441266
0.22480989577937568
0.4213304013194043
0.2660041185423936
0.32445185553111433
0.2794934837911965
0.12836134453781484
0.12297911610896528
0.45311949334862184
0.2989075630252091
0.24234965952908336
0.14528301886792444
0.3125707814269528
0.626522798468499
0.4261047702663148
0.38117776288051924
0.0448634287312389
0.0031890872692567273
0.14381374265993602
0.6205145010650499
0.1912214927718929
0.11708683473389332
0.29521893630143003
0.10252100840336117
0.5568497490131086
0.3367978770455541
0.24700763335792367
0.2734224598930478
0.6198135251015188
0.20224316907290207
0.19088693121715175
0.2800529264746715
0.3562929445282386
0.12598589347138694
0.5012077705576158
0.32344548832103054
0.3148911533117169
0.1714448886350655
0.3968363816114671
0.25684561260478866
0.11112679236761883
0.35294117647058715
0.4198090843000273
0.11822728151852568
0.09312382874441394
0.2473614905367423
0.06678546046329564
0.1184201279077936
0.1748202574516022
0.24906337058503317
0.18518912309614308
0.5738541473371672
0.19779466029954407
0.12533488642981924
0.42178474596251253
0.09660091581542775
0.04749725977347469
0.4037236211642369
0.1599668670540542
0.1269120372052465
0.20090355891572922
0.29168132968788024
0.491985387310817
0.18241828583621128
0.23789526465887306
0.1582875960482987
0.3321369913011731
0.33080462629026136
0.2940129167393959
0.34049233608859547
0.39619675456389414
0.3200692041522489
0.17811816192560156
0.4482996323529407
0.2666370088771152
0.47283004406974466
0.40791395564997973
0.3084464555052782
0.2492042909348106
0.23588872372053507
0.4548842161298901
0.31925518408802317
0.5075841657417676
0.21851714722080762
0.09400971397733401
0.3789486236555828
0.16721093112190086
0.11902645372896405
0.26216391912389736
0.5986342231042938
0.2349057519730361
0.3892458766326625
0.09163860428458823
0.3358940591161828
0.25988855232830227
0.3548160299976567
0.3258210480221863
0.17537087036980806
0.20468139217256148
0.008521690299031335
0.2185312004906213
0.2639418541304024
0.13031320796565307
0.12027230946261586
0.485096851375772
0.45942936053633715
0.1111595127339482
0.24085912707538024
0.36961665877898675
0.05354888408619176
0.23073343261355167
0.4139606326089422
0.34373031064920084
0.34784706954796535
0.3667783459707279
0.22667428457869648
0.12412381539841845
0.4901717208622568
0.07826132222800619
0.5458199089912634
0.15837104072398145
0.12943826179120282
0.42230796211855426
0.25127087872185855
0.001031668539636338
-0.026907899291533005
0.11098433138409505
0.23408748114630454
0.41378197369482667
0.41602442366403064
0.14931952796491366
0.04901185770750979
0.05890542522539958
0.3251659598008479
0.2866697066423466
0.4999999999999995
0.3389503190111057
0.48526404426801295
0.2945204165787603
0.29507436291421413
0.1979090033053909
0.5452589068631266
0.19368647982753273
0.32927543857551184
0.06438901527461816
0.08037659508247734
0.3943747164675636
0.18136090540729313
0.13670543784264325
0.11386454022949949
0.2126117807641736
0.38503690449563815
0.1800315148206504
0.15722113098314894
0.28049210688773224
0.05795436908272536
0.40458015267175496
0.5466822988298417
0.10337493703475656
0.4311231646871779
0.3682278006744091
0.5663294890793108
0.056562648074189356
0.18928430432575677
0.22992298174772854
0.38517280717258184
0.12489334050960246
0.3610246866912849
0.35350678733031626
0.4168734491315132
0.17302658768425386
0.17894484795274931
0.33213045365747723
0.23290086912709365
0.14267150159032643
0.06030915381096065
0.17159526854219914
0.2081447963800901
0.16385741130915102
0.5805913062899568
0.35463637904729567
0.4302612019537057
0.47997107193508004
0.11814395911220449
0.07380738073807377
0.30526043016325427
0.40442352941176357
0.20039450314702187
0.2809119717970694
0.6520635381156155
0.09242717558648217
0.3916687705124959
0.19582542694497163
0.5709267987113703
0.1279617903760286
0.23826031019941327
0.09514006645100334
0.3291627134724856
0.14978213507625257
0.18391612376303393
0.3659571408025312
0.08961101856828825
0.44092459592106836
0.3264129181084194
0.28097084105848597
0.17900300035784078
0.07637551155388358
0.47796086833233453
0.0969711625657458
0.14765550624170307
0.17118983957219255
0.32697768762677504
0.29861433115867725
0.3290388396084282
0.4505403844567266
0.377455477603884
0.379178222157349
0.22089208527903914
0.27693426675152233
0.4350205198358405
0.48598754704386177
0.025463197327123543
0.4836422240128919
0.43723629869404984
0.28638059701492485
0.3370098039215682
0.04002478954707422
0.48013279385828317
0.6819186223712287
0.23755862778361986
0.4388550654811438
0.3279866744810139
0.1908079860645852
0.1433513167751001
0.3285509325681488
0.26002484195695225
0.14694356545610768
0.15297083954747284
0.19266055045871544
0.2276340511634629
0.3683280571302352
0.19865222567706556
0.2627360412987362
0.14739894740610773
0.5402225755166915
0.3718711144952811
0.43307843928851164
0.4028789763639589
0.40768606331795504
0.2322694067417197
0.5787310844530059
0.43626048703093734
0.21530527336070357
0.35931003980539467
0.3745674740484415
0.2607882119050391
0.07682111402397693
0.22956084166612553
0.2201875481488691
0.4114640745565685
0.3607248289020294
0.3324700949562206
0.4390451832907068
0.20844284282114453
0.3767726776873363
0.36345119765357603
0.5757219580116085
0.33327465231496584
0.5096870342771972
0.04681763365938629
0.22604394774597844
0.31474621535473385
0.3002930709650403
0.10239089184060716
0.697820943157431
0.23692347946052608
0.23433862617699183
0.24429329546303893
0.1548431807109868
0.8209352098060818
0.2727828549362852
0.3663517220359641
0.4255558682803249
0.44647361517505796
0.04904542462146149
0.318749665471283
0.3789473684210523
0.3892519970951342
0.21591638650531184
0.6393502798935473
0.29716024340770786
0.3983050847457619
0.1770437887615105
0.4931287719043103
0.48584634232361257
0.03548728813559315
0.40332575592439107
0.29047292969008853
0.12048204508699778
0.20961694213636387
0.2570624923566095
0.2751873698387557
0.31284916201117285
0.46386755899964716
0.17737359660411917
0.21874120904339564
0.39876624807226296
0.006219119490671307
0.1327719220487816
0.3093914807302223
0.1907067495302788
0.37231145162521917
0.2198020312419444
0.04432692896665768
0.057392399473344215
0.5006582659394389
0.3867194188844519
0.7225935553579776
0.7263565701395176
0.7179930795847745
0.13574085679624173
0.19973160366808307
0.012979480164158702
0.39420300383197276
0.03182058684291138
0.20215969380439203
0.17938999016113139
0.2068419812114883
0.39040214135491663
0.4235027344271029
0.48005681145697626
0.18535319126917685
0.18556655176248138
0.2139080288185792
0.0470072616336528
0.07972136222910219
0.0863414022325347
0.6371030713170194
0.052267060670421944
0.42911010558069296
0.17852874784225212
0.26621067031463724
0.268449197860962
0.46403558059844147
0.21653412512198641
0.24813832877377892
0.3121389180672262
0.3522310904081568
0.4670640445527313
0.2831178444532172
0.6357334065481498
0.4107301211942058
0.4899554635468432
0.1623638431247238
0.5127802580581838
0.11601307189542473
0.16820732615367867
0.16147863148642572
0.10959863612935607
0.26053063773680907
0.18954046108618236
0.08228552751192524
0.22944751729794421
0.07087257153935171
0.2589010704977708
0.4504036908881191
0.23546115876422943
0.09088065283917023
0.1250948932066721
0.31093547062153754
0.298250447720071
0.13688850612485387
0.28830574145825966
0.17863777089783237
0.36349393378306516
0.411764705882352
0.19829455123572737
0.3286706556088475
0.488565252019569
0.07927155865024085
0.1502180297232357
0.19717150121345203
0.2585830243511368
0.4851096692340036
0.00803971480897038
0.2959786892424459
0.12339432641532617
0.16313025210084006
0.6084967320261435
0.27478872060915427
0.3297005872725517
0.3762120232708468
0.3363745498199278
0.48400201927930897
0.19641832897839487
0.31317291834059263
0.2568970984620261
0.6549440151395663
0.3248612123591089
0.3429544849614046
0.1983578327385258
0.44445301056202124
0.2515756302521005
0.19463028933877793
0.05062248459142887
0.2510608203677502
0.5860155382907869
0.17536544933942808
0.27399704651735174
-0.008818609157728204
0.044913809044400094
0.2920602808304897
0.29537082747882876
0.5326900476278829
0.10838188968271938
0.08842045292693329
0.3925422748952152
0.1802605840435937
0.8720974758656813
0.10887908683794059
0.2906848808654086
0.14329656518215927
0.2844695411540326
0.2595292997376697
0.586744639376216
0.2142975185046665
0.04150055032407962
0.37405375373289734
0.25274282526498465
0.10161627267729477
0.2706777776173075
0.48124753257007474
0.10840820478047108
0.21619556913674534
0.22559684961850876
0.4624574488844552
0.3947407329179419
0.27578984115901545
0.22458196476560177
0.13478691774033652
0.09928546894971219
0.17929573201493262
0.47885532591414975
0.23172629720308333
0.3707423797921529
0.12972049175809028
0.3166963755199046
0.5453736089030198
0.011498536066010112
0.5168611076998642
0.04784821521310111
0.48652108969343344
0.3273854528958106
0.47989365237620346
0.33971203544179146
0.071683852823998
0.17261626944097308
0.14225113122171953
0.21933903111917116
0.1665084210987595
0.22267721764152448
0.08771235548520205
0.29785742111414015
0.1354377035592961
0.3183669950207996
0.1791538581774605
0.2784291519552322
0.474747474747474
0.45058684630877105
0.00795321806094343
0.552232459248759
0.02845671769020696
0.15334882089944765
0.31591584002021844
0.48427844730463454
0.4142977765268783
0.3707664884135466
0.1575943810359964
0.06562118623382955
0.3655623168807745
0.12003988035892317
0.17331373352290502
0.5075171851011727
0.1371400910419551
0.3299232736572887
0.5831666254579774
0.3516023763701774
0.08481857021454939
0.34987917508027344
0.4066075310620589
0.030263436924950125
0.4627885490005073
0.2152665448953068
0.4654368256178201
0.1332451278383692
0.1990763247447738
0.38220037294456666
-0.008327427356484748
0.05447690149313558
0.15158590980137976
0.029438222065437857
0.4940427603250068
0.23367209874040015
0.21687500942443086
0.15379117583245036
0.4972653788403328
0.3104656985478216
0.10759136220251904
0.04157334276395929
0.032014621174006316
0.18101693802520988
0.5329091899681886
0.28450620273441823
0.11114807622378156
0.16103963709377536
0.12315164597949249
0.1351915847036037
0.5325623130608157
0.28222114661270414
0.13592436974789895
0.26390731976559745
0.4656108597285066
0.2580586414132209
0.5356191256990627
0.15625427828229807
0.5096244447435717
0.20296155413666583
0.11655986953728555
0.7653945024051532
0.2470297569305669
0.12603866721513746
0.3361771498437701
0.46411764705882286
0.12965297955155936
0.18126429420912982
0.17805720725396249
0.011007450645746496
0.1815123163659139
0.43976118550938204
0.35117298990602125
0.2363649947701349
0.1444399677679286
0.5303003376577211
0.47106705208462535
0.047445973927498476
0.3914316793573747
0.24793240485482002
0.22528287096994093
0.47382566733858916
0.3155790197119733
0.2519859051653901
0.32671504465660545
0.33209997734652213
0.16928274500535223
0.11238063530017069
0.30670014988561317
0.5084431248840221
0.02441661075076424
0.2250600468439973
0.3977591036414564
0.38226461755873453
0.25069632438454625
0.23106609295240094
0.7922337562475966
0.3723931544000739
0.13566597018096796
0.09864169131339687
0.15718540580789253
0.238652128252667
0.3835839023109234
0.27490752893449466
0.3818891872101528
0.13151760043515406
0.36146364057433905
0.38053325762073037
0.21600829396449062
0.47114935004208225
0.24636573811624585
0.15675839434486236
0.15888895330059377
0.38258452987494146
0.058858213096559274
0.050198378471623215
0.0175925467069726
0.013252571242733421
0.2839355326700412
0.2362209937435862
0.20588235294117582
0.4006209458335627
0.34795100559504016
0.2879889443009067
0.1695065935694176
0.26139073063984036
0.27095484085985616
0.16326599269962458
0.27410652977144134
0.4104996837444648
0.1487125318187325
0.11231879088777007
0.28856782921542135
0.538588902722336
0.5248068128055505
0.19482414375671872
0.05485320238219623
0.5286478227654685
0.18406798544523534
0.44654198239235976
0.07915057915057906
0.35679627783316664
0.19365960730859
0.398660391480292
0.37741626395600636
0.2618649732620317
0.09820097750355285
0.06599499529440941
0.12726144939522363
0.1721132897603488
0.2320915555974189
0.4080780511650635
0.487401998118363
0.42666650834738346
0.1301461761175055
0.45224398049375114
0.17883809870697462
0.31746031746031644
0.11323036477160661
0.3706270090430386
0.3110232328225404
0.26311681070532356
0.3447980285010179
0.06891175137930104
0.17821274851403954
0.37745775506648827
0.5757845254732551
0.5859599812621287
0.30671664928549225
0.32081266241436357
0.313686225428844
0.3148034569277933
0.3367818802612552
0.02266250011454962
0.21274412057943784
0.16264278707717603
0.22007345984751453
0.25669791128496533
0.27799227799227777
0.024086939477753283
0.0738244473000969
0.3749637786148928
0.15979485585515574
0.3265476854433905
0.41263933602545666
0.1562749124290364
0.19149402128684626
0.05502278246960502
0.34731833910034615
0.14890423296307412
0.37455830388692596
0.3968908376516138
0.4591577540106935
0.43500717360114705
0.3748018220397832
0.4450328076436038
0.3150548354935197
0.5630120772669279
0.26692381870781096
0.0007435411408644056
0.1538981005201295
0.48922662562523944
0.3666157372039717
0.34200228022062584
0.30948113317348996
