0.10364032800872149
0.10776871022038592
0.09668239616728491
0.25122873172919374
0.38781375742479296
0.2804581447963797
0.35048976870608656
0.09314408078727798
0.3599462623548597
0.23509738343497938
0.03719291377116563
0.3887219121225129
0.07164250628968494
0.19880934166052305
0.11397058823529384
0.22952710495963066
0.3749622926093509
0.15521871610804114
0.2869580589561142
0.16427093831220496
0.25274370390762685
0.19315768395247496
0.39852674282053946
0.4182612804157804
0.45124770036322415
0.34448051427135035
0.1118389646210148
0.20567899374858614
0.0482541087930938
0.36141819675426207
0.29402675311690446
0.0928218039685192
0.11313957803462958
0.34403461983595784
0.3448317245872398
0.6903953267219127
0.18697689005625476
0.19027316086139595
0.14374953521231493
0.33393919365498964
0.35849202066147445
0.1104146576663452
0.1457031710479783
0.23961786174323688
0.15475906961975025
0.3034986543637058
0.5622689075630243
0.41480075901328284
0.2619034561428522
0.20778976122074078
0.22307316278311837
0.20800303859436786
0.44612461404480963
0.3760549038206695
0.4727629933916758
0.3994755703172798
0.3953428046931118
0.2880001664620566
0.2559131898721515
0.6290180407827455
0.3838667497433103
0.3916251246261207
0.35145342183565964
0.10263243418914521
0.5189238486092099
0.11794656762908809
0.5829746532759433
0.4340627666197793
0.21071586529348454
0.3824297342958067
0.33128241915903284
0.3679093791848056
0.3513969770333039
0.07724024189114903
0.20474870890540356
0.23970886529053806
0.07499146447569846
0.1576965234254235
0.489999999999999
0.41129195650705624
0.1884929154143409
0.3941206074780185
0.1930720727911242
0.4984446263594893
0.6151741555298308
0.031908513204800634
0.18774858697927543
0.08373949579831919
0.4794511554621839
0.4489036329800132
0.06588398071092842
0.11503309171131408
0.13960683696185322
0.44103014340064267
0.3424323575584075
0.365410680401192
0.5194309388481803
0.018180620512482714
0.3502440277421003
0.39947969359734015
0.2473912035247736
0.2562918838421438
0.1970265554413551
0.7248121932037
0.08467447989682046
0.6256241627085606
0.36843137254901936
0.08495948070797872
0.2751910904407849
0.23280488481136685
0.3209917271481493
0.06801572693509891
0.126927801282926
0.45010066931490333
0.19577815126050419
0.19338872193742226
0.2482855497583187
0.42430795847750796
0.14325147534742041
0.2335225582868888
0.4775728473207453
0.3370311578756401
0.22655603266736646
0.38905546351821185
0.18532795205181515
0.3653234650802286
0.12995245641838368
0.19431724785722657
0.3620163739146596
0.51218427852955
0.2886144916425957
0.06451514060501105
0.43678160919540104
0.2236942190669374
0.382672634271099
0.2625734209079594
0.22934103501119857
0.35305699931954043
0.067327378161064
0.0675050709939147
0.40352626331531655
0.48828476829593137
0.5124626121635081
0.24598930481283396
0.11368816731315212
0.33585514076646233
0.10562022974327338
0.03460207612456755
0.3485200449606591
0.027509311584895932
0.165685489568125
0.11909286824947934
0.05766540353737956
0.03729027578147033
0.21187521251275046
0.2446433497838944
0.406770680675489
0.44746792289096804
0.5039619874795553
0.2532468864769482
0.3810741687979533
0.36747724493954526
0.11972945050687667
0.18982789622399118
0.4178429698096146
0.2040422921899643
0.13185443668993008
0.17402845614780188
0.4711757362120869
0.009356330422794127
0.2903243540406809
0.2706660535531107
0.3816594599004646
0.3221111924067625
0.25411110202078036
0.3855688061101433
0.08370713833775605
0.16379738137954714
0.41843021232161387
0.07947371526343716
0.17023912309020603
0.29957219251336853
0.09180949099991378
0.20369686844354606
0.07012089468003982
0.40161989691565025
0.38940630403786
0.35912478198826625
0.18409085322386365
0.7318159127872335
0.047628083491460985
0.28148553623310385
0.43435264924828415
0.1397795680677368
0.19588235294117629
0.10181322890950859
0.18833455439226687
0.19774162579431706
0.1687740516767453
0.15204077494017576
0.28735585079789105
0.26435152374202625
0.6084174255476239
0.20149222968795064
0.1058001851840492
0.31191875392251905
0.5601937416353308
0.06568327303089337
0.48467590857999143
0.23351697174338001
0.25264186671553357
0.18114867994441855
0.5447421434327149
0.22068301279752395
0.0718406451897746
0.3150231634679014
0.18288666818078567
0.22322730745190603
0.24629951274996498
0.08240800220244086
0.2447864231267072
0.43441650853889874
0.15672483400620568
0.03211629479377953
0.8520328081272238
0.09737565188134344
0.3698796477043909
0.11083591331269334
0.2260698918367877
0.22833911721685274
0.25492626725525674
0.4840546697038713
0.13641117898083813
0.439564270152505
0.2923450276971772
0.2399188640973626
0.3420228186664169
0.12015072581053039
0.2105965587015483
0.686076086368309
0.15798451646765485
0.05298708112007346
0.187487583304737
0.1466773359138025
0.5451839700023425
0.3273474867835866
0.42159932970056363
0.31694416377454565
0.16756483938718003
0.5076936604238099
0.3821633916724582
0.15722585330428435
0.3197457370598316
0.36522710349962617
0.2928621871158412
0.3361163137678164
0.0664696743534285
0.10354026314599618
0.2857152271618931
0.2580797234298879
0.46482122260668923
0.17335556262407992
0.35133380730116476
0.23279524214103642
0.33509021659677524
0.34041779255871996
0.2610221026780492
0.28180925772105914
0.33012356330693565
0.20669008667111102
0.3582758184005558
0.19751505375019962
0.7010893246187355
0.4976482804959971
0.45885611862473424
0.3604308105891456
0.32420999727765676
0.20182154785051729
0.35209173922276465
0.15657695884677975
0.5229365609274089
0.20600598950462884
0.32972877773863984
0.4927993121731012
0.6371471054982861
0.3409830299832927
0.029094941387686084
0.012995896032831739
0.141855152235775
0.304770727188512
0.20612779186778993
0.47494553376906257
0.09279439564105406
0.4415669909845559
0.39291274622622285
0.21398862575333139
0.31631520532741364
0.5041639127561119
0.16795862275098905
0.028681664391286225
0.49127094717336206
0.3369341880236721
0.12148258934494426
0.18716986221313128
0.5746597831013622
0.10103485838779944
0.7258042805222772
0.30874228144296334
0.3061053805408419
0.563177998472116
0.482525191628627
0.12131831455986604
0.4621287213316463
0.3177731387706163
0.37626479163093673
0.49143660046329635
0.4617524339360212
0.20840418953389497
0.3983007035446954
0.13877196237950576
0.6165799575886924
0.3084420379030273
0.46616391933729273
0.36300606960676585
0.05851516534481261
0.7021092102179526
0.16321685413977485
0.16821282044581456
0.34181816029219214
0.32034310467507393
0.2800047438330162
0.5802108321789353
0.18246706772153123
0.1839286715639544
0.11264402668283767
0.6526129242462075
0.250597407613024
0.19071801382423448
0.10863634407676735
0.1685401006827112
0.27015700446414975
0.2692965613545117
0.18504117341693518
0.3553596808949613
0.10147904683648307
0.5579250029950875
0.2048016266931366
0.20378808377076682
0.7348773150665076
0.1648513296861314
0.6081052104924581
0.10764205062830055
0.3971059793592191
0.2852720035382561
0.11859732806648147
0.48983071489465313
0.35220508225052727
0.5509839767716952
0.2841581076875193
0.19019844939184838
0.4359161144810391
0.14690154136520905
0.4408998709201541
0.34002443707453267
0.2392494929006083
0.2670814217841725
0.12962533079530172
0.32293967532328244
0.45766719719361887
0.5080213903743308
0.1850380709108906
0.22312612988457775
0.645748861580686
0.18572338682765477
0.3181014895228478
0.45633421388285933
0.018499621449027254
0.20815776167200375
0.09214488407539125
0.24308116727482543
0.5363510195366704
0.5240370259779038
0.1538865546218488
0.29453360601753864
0.3257203842049086
0.2944386193910077
0.1784182475285116
0.4563562121589562
0.3453263884957247
0.0629687804968723
0.3539229553207416
0.5894406133296431
0.34040330164037186
0.13941316574264942
0.7011797137876515
0.4587495375508689
0.3875352304754971
0.247553286422751
0.0558089616313388
0.026774296675191767
0.089499497364974
0.18207990129436882
0.18305042898586477
0.35990548439248804
0.5446483324685137
0.2541369334619095
0.40359019058163853
0.3102535049759046
0.3270272933293909
0.11911502568942002
0.36685850960460353
0.13133874239350887
0.312181565539601
0.15970244525189006
0.4946040431676535
0.3025318374772587
0.5201386286998861
0.4565340587101888
0.31146654887624303
0.18317757009345773
0.1874762808349143
0.0951003095480785
0.4422956288671544
0.017315788779052096
0.36890386110391227
0.2611714213582427
0.0675034687489914
0.3690514043455205
0.28437334554351956
0.22643350638198143
0.045644680685413316
0.211487889273356
0.2904915390813861
0.6704952257321993
0.25343521759191534
0.25742209109349046
0.18344965104685884
0.08772934252922536
0.31480706832031213
0.14082636646243887
0.3687819955568424
0.6033545948499864
0.1993666451811784
0.05932886771963384
0.1124648404060164
0.18546501169275056
0.7165313405943544
0.3473774125034627
0.16934668604283803
0.3741800677105367
0.20472192773846004
0.5235721407206928
0.32689661457146724
0.35535955615619746
0.5752442319684046
0.22994652406417052
0.10129658236856252
0.023259885716711153
0.11787895184354925
0.21775213913490946
0.07645044319097485
0.14012224527561182
0.07170493246530601
0.2283426952410755
0.5767879406097687
0.03709619093539048
0.2241090219078823
0.29862302002049695
0.17382075790555268
0.3793148028442142
0.2683990187190011
0.14287912200625663
0.26394332687702987
0.24254251463618595
0.1449298648713785
0.14126910606762375
0.18076337552974087
0.03467373526591842
0.38432467959250627
0.4297750637705794
0.36305298979095707
0.22077304889639848
0.2931964732201597
0.23719165085389035
0.3082804761490998
0.30354644443092627
0.22936544696618752
0.41224100976422834
0.11628114964022898
0.2846837421764278
0.3249476865845147
0.11596460618145563
0.16726276539076132
0.0688382880033733
0.2644638283264818
0.1904054512279792
0.20086471726021185
0.31516785585111584
0.3240275872777617
0.240524181700652
0.6011296264669276
0.5794191671959846
0.07378801461968124
0.2821411112921615
0.19148936170212752
0.4147742818057447
0.007463537590983969
0.024439591139885943
0.23023438939802562
0.3183636060656557
0.5980038224676135
0.16585233168451446
0.3688979039891816
0.03894281370599924
0.10158647254684325
0.3045862412761712
0.08708018962409017
0.09744291276439031
0.18035429017714444
0.12610138051582065
0.11825441457653797
0.07278645219114123
0.4535552894828319
0.2847923776058375
0.29850676946657057
0.38976470588235207
0.4359993504434767
0.3619711042311658
0.09523670025779221
0.09331684505621819
0.285498814910579
0.4783492454573447
0.4086720525119908
0.17813033927263847
0.18921910227505578
0.21700117040183706
0.06204423918327657
0.21882493583207277
0.5242473863206939
0.5003541026331064
0.37980982764137416
0.3139894880840947
0.27280052743388705
0.2587361677344203
0.19838309013412467
0.3793493717171126
0.11897416793750937
0.049700675383519105
0.4035403290790465
-0.0019356606940970755
0.20559037645501593
0.165400477534187
0.044577205882352894
0.33951114692452244
0.358018242220057
0.2561295530218947
0.30865738414406785
0.2548760587458224
0.1258954314419047
0.2368659342912303
0.11890107672571586
0.01873851711145016
0.3944125071593723
0.02366769492607168
0.22335956519277506
0.24481263204714762
0.1250507099391479
0.14503378159204414
0.6239494564635424
0.10102437743117658
0.34859422492401115
0.41505312054454174
0.30296180424244434
0.25404433792690195
0.4189462287982679
0.3857779710775235
0.17076037726388918
0.09772762315935529
0.416203307240468
0.19751764705882333
0.40580103008945484
0.24015764538174467
0.14802361347267046
0.05404019688269064
0.37273525421023096
0.26315938275723627
0.050997222923504074
0.13425983815937542
0.034535267196123196
0.5918999178618811
0.0718287314925968
0.22118690657000922
0.525846702317289
0.48888940434217765
0.2352941176470588
0.41813287815125894
0.3773605383112657
0.47344645218157694
0.3948202231712354
0.20462782269305824
0.17273603414449457
0.1366692407421837
0.0895030425963487
0.40312396144898555
0.35371517027863764
0.23323374884104217
0.40157633734121867
0.21687437686939154
0.061396858616381604
0.175972316187898
0.34229998267712597
0.5063407181054228
0.005537193106560476
0.2658547794117646
0.23489450127877218
0.3512153027470154
0.3687335943887424
0.39792387543252494
0.11235123284550978
0.3343060461782617
0.3787195616759293
0.3860238295135852
0.4722112558670003
0.11693260300071431
0.27931849272478537
0.250995785949316
0.32744746013306586
0.25281836012684883
0.28348951731876004
0.5906927106005916
0.5709378641967722
0.6524441806987588
0.14201553155404772
0.12627606158347995
0.042289761292130426
0.07570619066350556
0.27433298447334054
0.1627999425788709
0.6882991819244267
0.053776210799777194
0.14479638009049733
0.3247018044652864
0.43970396168915876
0.18389652353330493
0.5581512605042005
0.3798942402257726
0.09430574555403569
0.2132623094623624
0.3869791314918619
0.281808458920758
0.6394898101758497
0.37774234448841504
0.4491711896728763
0.2823673146717453
0.44698232288735185
0.19914077990746876
0.3861818828053047
0.3510193850267375
0.45652876535229403
0.46432908790832234
0.3466860428381885
0.06708084303239989
0.22340181901459097
0.350171740967863
0.47996083094355374
0.6048079582310195
0.2610643149664924
0.30868244261826117
0.15406222990492602
0.36185217581456314
0.16891504637475738
0.3800904977375562
0.4054621848739483
0.5185758513931885
0.36081932773109215
0.08503836317135538
0.09018145934981622
0.2577665105487045
0.07438720818102287
0.40101994996471757
0.40107776608484025
0.4368256178210918
0.10908166458072592
0.18422632892121546
0.2529842206381022
0.4041636649661111
0.23551554828150514
0.2791829338912446
0.5242195202103175
0.38546339399068974
0.23167420814479642
0.28310405941429617
0.2880248144455522
0.8461525959778825
0.26373263831612237
0.05492975235932728
0.15602804589327976
-0.006822241091558543
0.201608648243032
0.3203572528487828
0.7908278503387997
0.1192927119849833
0.7144751498435259
0.3137332881054582
0.14322577870482842
0.1988112318097969
0.22239899518526243
0.37759048663626354
0.46815940334148326
0.19995167596538263
0.020094320278859917
0.4134861868069904
0.3258487515717616
0.34353526000292395
0.1622143524392451
0.2692158440206326
0.36809377456936426
0.2940993656345775
0.2406365581645807
0.046905148126013756
0.38746389470224973
0.02342208683849176
0.28650519031141825
0.4840336134453767
0.3384539278994368
0.10810671433973941
0.2984635645302897
0.3160770169203839
0.11878264819441266
0.22480989577937568
0.4213304013194043
0.2660041185423936
0.32445185553111433
0.2794934837911965
0.12836134453781484
0.12297911610896528
0.45311949334862184
0.2989075630252091
0.24234965952908336
0.14528301886792444
0.3125707814269528
0.626522798468499
0.4261047702663148
0.38117776288051924
0.0448634287312389
0.0031890872692567273
0.14381374265993602
0.6205145010650499
0.1912214927718929
0.11708683473389332
0.29521893630143003
0.10252100840336117
0.5568497490131086
0.3367978770455541
0.24700763335792367
0.2734224598930478
0.6198135251015188
0.20224316907290207
0.19088693121715175
0.2800529264746715
0.3562929445282386
0.12598589347138694
0.5012077705576158
0.32344548832103054
0.3148911533117169
0.1714448886350655
0.3968363816114671
0.25684561260478866
0.11112679236761883
0.35294117647058715
0.4198090843000273
0.11822728151852568
0.09312382874441394
0.2473614905367423
0.06678546046329564
0.1184201279077936
0.1748202574516022
0.24906337058503317
0.18518912309614308
0.5738541473371672
0.19779466029954407
0.12533488642981924
0.42178474596251253
0.09660091581542775
0.04749725977347469
0.4037236211642369
0.1599668670540542
0.1269120372052465
0.20090355891572922
0.29168132968788024
0.491985387310817
0.18241828583621128
0.23789526465887306
0.1582875960482987
0.3321369913011731
0.33080462629026136
0.2940129167393959
0.34049233608859547
0.39619675456389414
0.3200692041522489
0.17811816192560156
0.4482996323529407
0.2666370088771152
0.47283004406974466
0.40791395564997973
0.3084464555052782
0.2492042909348106
0.23588872372053507
0.4548842161298901
0.31925518408802317
0.5075841657417676
0.21851714722080762
0.09400971397733401
0.3789486236555828
0.16721093112190086
0.11902645372896405
0.26216391912389736
0.5986342231042938
0.2349057519730361
0.3892458766326625
0.09163860428458823
0.3358940591161828
0.25988855232830227
0.3548160299976567
0.3258210480221863
0.17537087036980806
0.20468139217256148
0.008521690299031335
0.2185312004906213
0.2639418541304024
0.13031320796565307
0.12027230946261586
0.485096851375772
0.45942936053633715
0.1111595127339482
0.24085912707538024
0.36961665877898675
0.05354888408619176
0.23073343261355167
0.4139606326089422
0.34373031064920084
0.34784706954796535
0.3667783459707279
0.22667428457869648
0.12412381539841845
0.4901717208622568
0.07826132222800619
0.5458199089912634
0.15837104072398145
0.12943826179120282
0.42230796211855426
0.25127087872185855
0.001031668539636338
-0.026907899291533005
0.11098433138409505
0.23408748114630454
0.41378197369482667
0.41602442366403064
0.14931952796491366
0.04901185770750979
0.05890542522539958
0.3251659598008479
0.2866697066423466
0.4999999999999995
0.3389503190111057
0.48526404426801295
0.2945204165787603
0.29507436291421413
0.1979090033053909
0.5452589068631266
0.19368647982753273
0.32927543857551184
0.06438901527461816
0.08037659508247734
0.3943747164675636
0.18136090540729313
0.13670543784264325
0.11386454022949949
0.2126117807641736
0.38503690449563815
0.1800315148206504
0.15722113098314894
0.28049210688773224
0.05795436908272536
0.40458015267175496
0.5466822988298417
0.10337493703475656
0.4311231646871779
0.3682278006744091
0.5663294890793108
0.056562648074189356
0.18928430432575677
0.22992298174772854
0.38517280717258184
0.12489334050960246
0.3610246866912849
0.35350678733031626
0.4168734491315132
0.17302658768425386
0.17894484795274931
0.33213045365747723
0.23290086912709365
0.14267150159032643
0.06030915381096065
0.17159526854219914
0.2081447963800901
0.16385741130915102
0.5805913062899568
0.35463637904729567
0.4302612019537057
0.47997107193508004
0.11814395911220449
0.07380738073807377
0.30526043016325427
0.40442352941176357
0.20039450314702187
0.2809119717970694
0.6520635381156155
0.09242717558648217
0.3916687705124959
0.19582542694497163
0.5709267987113703
0.1279617903760286
0.23826031019941327
0.09514006645100334
0.3291627134724856
0.14978213507625257
0.18391612376303393
0.3659571408025312
0.08961101856828825
0.44092459592106836
0.3264129181084194
0.28097084105848597
0.17900300035784078
0.07637551155388358
0.47796086833233453
0.0969711625657458
0.14765550624170307
0.17118983957219255
0.32697768762677504
0.29861433115867725
0.3290388396084282
0.4505403844567266
0.377455477603884
0.379178222157349
0.22089208527903914
0.27693426675152233
0.4350205198358405
0.48598754704386177
0.025463197327123543
0.4836422240128919
0.43723629869404984
0.28638059701492485
0.3370098039215682
0.04002478954707422
0.48013279385828317
0.6819186223712287
0.23755862778361986
0.4388550654811438
0.3279866744810139
0.1908079860645852
0.1433513167751001
0.3285509325681488
0.26002484195695225
0.14694356545610768
0.15297083954747284
0.19266055045871544
0.2276340511634629
0.3683280571302352
0.19865222567706556
0.2627360412987362
0.14739894740610773
0.5402225755166915
0.3718711144952811
0.43307843928851164
0.4028789763639589
0.40768606331795504
0.2322694067417197
0.5787310844530059
0.43626048703093734
0.21530527336070357
0.35931003980539467
0.3745674740484415
0.2607882119050391
0.07682111402397693
0.22956084166612553
0.2201875481488691
0.4114640745565685
0.3607248289020294
0.3324700949562206
0.4390451832907068
0.20844284282114453
0.3767726776873363
0.36345119765357603
0.5757219580116085
0.33327465231496584
0.5096870342771972
0.04681763365938629
0.22604394774597844
0.31474621535473385
0.3002930709650403
0.10239089184060716
0.697820943157431
0.23692347946052608
0.23433862617699183
0.24429329546303893
0.1548431807109868
0.8209352098060818
0.2727828549362852
0.3663517220359641
0.4255558682803249
0.44647361517505796
0.04904542462146149
0.318749665471283
0.3789473684210523
0.3892519970951342
0.21591638650531184
0.6393502798935473
0.29716024340770786
0.3983050847457619
0.1770437887615105
0.4931287719043103
0.48584634232361257
0.03548728813559315
0.40332575592439107
0.29047292969008853
0.12048204508699778
0.20961694213636387
0.2570624923566095
0.2751873698387557
0.31284916201117285
0.46386755899964716
0.17737359660411917
0.21874120904339564
0.39876624807226296
0.006219119490671307
0.1327719220487816
0.3093914807302223
0.1907067495302788
0.37231145162521917
0.2198020312419444
0.04432692896665768
0.057392399473344215
0.5006582659394389
0.3867194188844519
0.7225935553579776
0.7263565701395176
0.7179930795847745
0.13574085679624173
0.19973160366808307
0.012979480164158702
0.39420300383197276
0.03182058684291138
0.20215969380439203
0.17938999016113139
0.2068419812114883
0.39040214135491663
0.4235027344271029
0.48005681145697626
0.18535319126917685
0.18556655176248138
0.2139080288185792
0.0470072616336528
0.07972136222910219
0.0863414022325347
0.6371030713170194
0.052267060670421944
0.42911010558069296
0.17852874784225212
0.26621067031463724
0.268449197860962
0.46403558059844147
0.21653412512198641
0.24813832877377892
0.3121389180672262
0.3522310904081568
0.4670640445527313
0.2831178444532172
0.6357334065481498
0.4107301211942058
0.4899554635468432
0.1623638431247238
0.5127802580581838
0.11601307189542473
0.16820732615367867
0.16147863148642572
0.10959863612935607
0.26053063773680907
0.18954046108618236
0.08228552751192524
0.22944751729794421
0.07087257153935171
0.2589010704977708
0.4504036908881191
0.23546115876422943
0.09088065283917023
0.1250948932066721
0.31093547062153754
0.298250447720071
0.13688850612485387
0.28830574145825966
0.17863777089783237
0.36349393378306516
0.411764705882352
0.19829455123572737
0.3286706556088475
0.488565252019569
0.07927155865024085
0.1502180297232357
0.19717150121345203
0.2585830243511368
0.4851096692340036
0.00803971480897038
0.2959786892424459
0.12339432641532617
0.16313025210084006
0.6084967320261435
0.27478872060915427
0.3297005872725517
0.3762120232708468
0.3363745498199278
0.48400201927930897
0.19641832897839487
0.31317291834059263
0.2568970984620261
0.6549440151395663
0.3248612123591089
0.3429544849614046
0.1983578327385258
0.44445301056202124
0.2515756302521005
0.19463028933877793
0.05062248459142887
0.2510608203677502
0.5860155382907869
0.17536544933942808
0.27399704651735174
-0.008818609157728204
0.044913809044400094
0.2920602808304897
0.29537082747882876
0.5326900476278829
0.10838188968271938
0.08842045292693329
0.3925422748952152
0.1802605840435937
0.8720974758656813
0.10887908683794059
0.2906848808654086
0.14329656518215927
0.2844695411540326
0.2595292997376697
0.586744639376216
0.2142975185046665
0.04150055032407962
0.37405375373289734
0.25274282526498465
0.10161627267729477
0.2706777776173075
0.48124753257007474
0.10840820478047108
0.21619556913674534
0.22559684961850876
0.4624574488844552
0.3947407329179419
0.27578984115901545
0.22458196476560177
0.13478691774033652
0.09928546894971219
0.17929573201493262
0.47885532591414975
0.23172629720308333
0.3707423797921529
0.12972049175809028
0.3166963755199046
0.5453736089030198
0.011498536066010112
0.5168611076998642
0.04784821521310111
0.48652108969343344
0.3273854528958106
0.47989365237620346
0.33971203544179146
0.071683852823998
0.17261626944097308
0.14225113122171953
0.21933903111917116
0.1665084210987595
0.22267721764152448
0.08771235548520205
0.29785742111414015
0.1354377035592961
0.3183669950207996
0.1791538581774605
0.2784291519552322
0.474747474747474
0.45058684630877105
0.00795321806094343
0.552232459248759
0.02845671769020696
0.15334882089944765
0.31591584002021844
0.48427844730463454
0.4142977765268783
0.3707664884135466
0.1575943810359964
0.06562118623382955
0.3655623168807745
0.12003988035892317
0.17331373352290502
0.5075171851011727
0.1371400910419551
0.3299232736572887
0.5831666254579774
0.3516023763701774
0.08481857021454939
0.34987917508027344
0.4066075310620589
0.030263436924950125
0.4627885490005073
0.2152665448953068
0.4654368256178201
0.1332451278383692
0.1990763247447738
0.38220037294456666
-0.008327427356484748
0.05447690149313558
0.15158590980137976
0.029438222065437857
0.4940427603250068
0.23367209874040015
0.21687500942443086
0.15379117583245036
0.4972653788403328
0.3104656985478216
0.10759136220251904
0.04157334276395929
0.032014621174006316
0.18101693802520988
0.5329091899681886
0.28450620273441823
0.11114807622378156
0.16103963709377536
0.12315164597949249
0.1351915847036037
0.5325623130608157
0.28222114661270414
0.13592436974789895
0.26390731976559745
0.4656108597285066
0.2580586414132209
0.5356191256990627
0.15625427828229807
0.5096244447435717
0.20296155413666583
0.11655986953728555
0.7653945024051532
0.2470297569305669
0.12603866721513746
0.3361771498437701
0.46411764705882286
0.12965297955155936
0.18126429420912982
0.17805720725396249
0.011007450645746496
0.1815123163659139
0.43976118550938204
0.35117298990602125
0.2363649947701349
0.1444399677679286
0.5303003376577211
0.47106705208462535
0.047445973927498476
0.3914316793573747
0.24793240485482002
0.22528287096994093
0.47382566733858916
0.3155790197119733
0.2519859051653901
0.32671504465660545
0.33209997734652213
0.16928274500535223
0.11238063530017069
0.30670014988561317
0.5084431248840221
0.02441661075076424
0.2250600468439973
0.3977591036414564
0.38226461755873453
0.25069632438454625
0.23106609295240094
0.7922337562475966
0.3723931544000739
0.13566597018096796
0.09864169131339687
0.15718540580789253
0.238652128252667
0.3835839023109234
0.27490752893449466
0.3818891872101528
0.13151760043515406
0.36146364057433905
0.38053325762073037
0.21600829396449062
0.47114935004208225
0.24636573811624585
0.15675839434486236
0.15888895330059377
0.38258452987494146
0.058858213096559274
0.050198378471623215
0.0175925467069726
0.013252571242733421
0.2839355326700412
0.2362209937435862
0.20588235294117582
0.4006209458335627
0.34795100559504016
0.2879889443009067
0.1695065935694176
0.26139073063984036
0.27095484085985616
0.16326599269962458
0.27410652977144134
0.4104996837444648
0.1487125318187325
0.11231879088777007
0.28856782921542135
0.538588902722336
0.5248068128055505
0.19482414375671872
0.05485320238219623
0.5286478227654685
0.18406798544523534
0.44654198239235976
0.07915057915057906
0.35679627783316664
0.19365960730859
0.398660391480292
0.37741626395600636
0.2618649732620317
0.09820097750355285
0.06599499529440941
0.12726144939522363
0.1721132897603488
0.2320915555974189
0.4080780511650635
0.487401998118363
0.42666650834738346
0.1301461761175055
0.45224398049375114
0.17883809870697462
0.31746031746031644
0.11323036477160661
0.3706270090430386
0.3110232328225404
0.26311681070532356
0.3447980285010179
0.06891175137930104
0.17821274851403954
0.37745775506648827
0.5757845254732551
0.5859599812621287
0.30671664928549225
0.32081266241436357
0.313686225428844
0.3148034569277933
0.3367818802612552
0.02266250011454962
0.21274412057943784
0.16264278707717603
0.22007345984751453
0.25669791128496533
0.27799227799227777
0.024086939477753283
0.0738244473000969
0.3749637786148928
0.15979485585515574
0.3265476854433905
0.41263933602545666
0.1562749124290364
0.19149402128684626
0.05502278246960502
0.34731833910034615
0.14890423296307412
0.37455830388692596
0.3968908376516138
0.4591577540106935
0.43500717360114705
0.3748018220397832
0.4450328076436038
0.3150548354935197
0.5630120772669279
0.26692381870781096
0.0007435411408644056
0.1538981005201295
0.48922662562523944
0.3666157372039717
0.34200228022062584
0.30948113317348996
0.20611113935634737
0.3130772970345158
0.33307189542483606
0.3573425849212918
0.296573075691256
0.0911475701391667
0.08893215822914524
0.1781627490073213
0.2852773322391726
0.20926282784074207
0.22557855672136765
0.44013760686671827
0.20890889337265228
0.5039143080451507
0.1756944059433386
0.24599463021723186
0.24886191198785934
0.21539215686274474
0.5694806054454773
0.3760757994472949
0.4806644880174287
0.32545620546142184
0.6003545927041319
0.18742484392244696
0.17984491093734736
0.4596794495258867
0.022284769922016234
0.1176983360538749
0.24716606483071696
0.2606635071090048
0.23858470053370193
0.26829879679144336
0.2163963716327642
0.3263988522238163
0.3836920940382887
0.6143199361192437
0.03117647058823527
0.6139792387543243
0.41832342693174723
0.32998216449050966
0.22913758723828453
0.11959701007474806
0.30937447024919423
0.017655308967906926
0.47083751687843894
0.15040779501984805
0.1976217671534629
0.29971910112359523
0.1218253318040306
0.409753917844946
0.3312350770566534
0.31492609168553737
0.20177063268632373
0.24213244016467797
0.2600523381499598
0.3397565922920887
0.3071917739441279
0.29584085043727243
0.09741565572007148
0.3325247624823119
0.04169643936812242
0.19004735699721495
0.40522259799301363
0.3285956043014423
0.3394841472117435
0.2479538195368642
0.31629318394024136
0.18673575129533632
0.11167939741558597
0.3449560281324742
0.36032067534454154
0.28931291232684864
0.08464204432776459
0.2750525210084029
0.1302431926834337
0.14951239207404182
0.17077798861480056
0.3909887359198994
0.020449645826917127
0.270110235374679
0.07160500585019383
0.19203456030299368
0.536115812664882
0.0807670678213921
0.1442934335908703
0.11648729875668698
0.10482297184276528
0.08947009235210623
0.05125544718821327
0.3511389850057671
0.373482726423903
-0.002111303846386355
0.1786680189317105
0.3552928799084069
0.21089399615267782
0.11858766890525092
0.2542292396272332
0.2810496548574637
0.14393142658326916
0.11768957161279339
0.5724079559881503
0.43906315001248014
0.44070099171308175
0.45017584994138166
0.32833027141322
0.08419103872346986
0.18406593406593388
0.03517587939698488
0.6274131274131264
0.17435654358439565
0.2461430081014439
0.286495778241456
0.40642957513166406
0.4127324255201488
0.24397859968705762
0.232943802521008
0.10101904779297624
0.4579415924785744
0.09161167740775901
0.4237066753743515
0.18681739796895952
0.24721297035426196
0.2893214839892782
0.273236182690598
0.4075593319660124
0.18138304572364217
0.39275418776782167
0.2647027174153854
0.24147838374778965
0.264506296040933
0.43704114927943394
0.24439963451904584
0.20365452990683597
0.29260228681636535
0.5814207429276271
0.5808623176791152
0.4586533467416642
0.13318144159072065
0.300959967320261
0.3454671280276814
0.20516982028342962
0.54378231257081
0.2710748805812829
0.19301741315082746
0.19602877869304183
0.10508280982295821
0.07486093028760797
0.3851492599715692
0.3800267541107806
0.1484701366151062
0.02507989482823379
0.35007106074309186
0.07258221843458953
0.07951089832269734
0.402270381836945
0.09812433585673436
0.27154758899267817
0.44668632624553656
0.10140871134139798
0.35729933352651355
0.1397557065289598
0.3791661133979541
0.41380176986468054
0.1754118139511979
0.309662523156227
0.2250038396559666
0.3939075630252094
0.14220780946811595
0.12173743669653277
0.2549324464768229
0.2290706139286573
0.22613533479418962
0.36402569593147693
0.27114837278240933
0.32336780866192627
0.31254516548634154
0.15954550834418213
0.3186655985351335
0.14743274358923852
0.3662770961641041
0.5773964096195092
0.18402031316123568
0.2367247432537965
0.2402850643019636
0.25912880122108634
0.3404875463698991
0.5295083550661638
0.24052086523203567
0.49531026771849035
0.3496909711717158
0.31359452177817665
0.26618556498313817
0.49214343271555133
0.3424905089447063
0.15182933366004572
0.26053921568627353
0.5461759746056936
0.20947354871926804
0.1260504201680671
0.19872488872849725
0.493897503965813
0.10576455863947576
0.6054078481584694
0.14823168531216172
0.15638383542589376
0.44714727996461623
0.028141087104251287
0.5927491903562431
0.4624344787419912
0.06609801520748228
0.2676195913267333
0.09336777851443714
0.49706143945867703
0.466599126195151
0.43249677611347964
0.2820697089471793
0.41292722622645833
0.5187121762285144
0.2591997170554464
0.8129991182768592
0.5679821295606844
0.6579082122511678
0.1147780137130629
0.39846743295019055
0.2812780646609787
0.4116644954404242
0.34200831847890595
0.43207511017436206
0.4792405215405868
0.0031732303606885133
0.2110654904670918
0.2695766615485848
0.2944772407179882
0.285940076965365
0.19612421031327243
0.13866212428391148
0.3491976577865185
0.16430335742383995
0.3418479054152674
0.354749081774411
0.28399356212034643
0.00042422635506230187
0.2524457077221087
0.13291890502820639
0.10043582104252329
0.43464632744749654
0.07835665567261195
0.5319658925694523
0.5333420673391835
0.06863946769392384
0.28521447921913506
0.18615486719670568
0.2805675115574682
0.03600802222671988
0.24152206782345792
0.6112941176470579
0.2339535631937364
0.28957317616507694
0.5901035092148443
0.044911063547125124
0.028976603696308723
0.0005707558948382339
0.4598883490127151
0.20314212641578341
0.3423971402245972
0.34511375692561486
0.18735240717226956
0.5149500522609265
0.051804251112209564
0.1339018587010294
0.23709048074799355
0.2523742913936534
0.40541837768652206
0.3184505240478479
0.4022269215830124
0.3295828948533087
0.3003258189503343
0.1659134137190916
0.38988049045475703
0.5508492597219629
0.216005064723393
0.42391224324523186
0.33046926635822865
0.267509727626459
0.06978320946119905
0.39614654794920406
0.10673325934147246
0.17355217007148752
0.1524676168810065
0.1615185685968202
0.39241366808664857
0.10888498288553777
0.5354346689939656
0.22571373826403557
0.38770419248410504
0.22744732221246644
0.1926575132422635
-0.0035653084925810537
0.5602884832093769
0.16264958705545257
0.318636220141008
0.4631645171437558
0.5363366562666455
0.4948429962944104
0.2947070197388143
0.20637929765147608
0.24794577567202197
0.3377766907178661
0.5070127695206184
0.3513738435718539
0.3067702552719196
0.29438898847210065
0.16019949771850997
0.32160905599353046
0.1454564251007961
0.30545514295103493
0.31816538090646035
0.10195639285949532
0.26347645167391676
0.1263581600644032
0.011946563575848371
0.3476819299148228
0.2213784596407367
0.25738991921720317
0.4545142808155556
0.538363171355498
0.23719087960343307
0.3021639743980495
0.04337137840210702
0.6542757114631343
0.09822345045400707
0.4724083726317521
0.1615818348064612
0.6546925452758658
0.596252435244009
0.16755080748262333
0.4917537108301262
0.28047397734777013
0.021739130434782553
0.1193205333525272
0.09509733541657857
0.09145794240026071
0.1712084194700242
0.24414632321771393
0.40809876031452075
0.3187423324522237
0.4588235294117632
0.5191034613202189
0.19662507035146634
0.15406729924180346
0.26314070804432005
0.17148934805614022
0.39207583859990214
0.21026027860808744
0.33326521675667625
0.4453955375253543
0.1460487834293121
0.17562320563572661
0.21490429009957762
0.3200146215273867
0.1522768108829407
0.18516456455170313
0.28354959197040236
0.4073469387755099
0.2393509127789046
0.5190142786261643
0.1908885232414645
0.3424447846052914
0.2216618730546468
0.3139302718476411
0.0945779074988773
0.10013550606302751
0.47713259911226846
0.17083562396921403
0.15988233830663737
0.2531115475153136
0.34165055205539174
0.4310114560455849
0.27576078975279394
0.3814754146312916
0.14580643495326176
0.08769914215686272
0.20966747042000775
0.15394452095219346
0.4143985952589982
0.2876494023904378
0.303053739069176
0.2998602000215078
0.22120180508273266
0.6678107508712635
0.07991663372740643
0.13398407397893636
0.41401687216093397
0.39468986687130814
0.22469040247677943
0.18775884185449776
0.5584755592377784
0.01904316840936968
0.418359016549061
0.3700399254724511
0.5322204687929811
0.2825104835159739
0.1689581856839119
0.2855479674016102
0.1044274345191742
0.32959314318230243
0.23787683127755216
0.2279178338001861
0.05488213784115492
0.6454920766829193
0.04956662692405587
0.3633529133376011
0.26927626626518947
0.1803441131429596
0.4751376043733834
0.0738510471017082
0.29602306038694487
0.43603561624408643
0.24855665561455179
-0.008495537154532721
0.23383579892028314
0.35250662276559974
0.2188413885478282
0.17153298860852975
0.3122427300491295
-0.02025767079165959
0.15121951219512175
0.2230985650213656
0.7277504661807075
0.18211484306070866
0.12017026514180186
0.5850383631713545
0.16228472911942696
0.14005551209370615
0.3250287466462244
0.3020733822956223
0.18880455407969635
0.3689024390243901
0.13636049293923982
0.6906210760166134
0.3434022257551666
0.4711706464764122
0.069492965725616
0.1088468241506045
0.07787686503172686
0.41212838837907484
0.37470847369784877
0.4616345653305564
0.23720555089052797
0.2681581089637284
0.1052110773838972
0.250863359042247
0.066765140324963
0.35007831155159447
0.1933544059825761
0.09122151413032584
0.05002119542178876
0.31906756510653783
0.25486677305779143
0.13419495108104795
0.473027488507364
0.6570774645353047
0.12871825797401623
0.1985001171783453
0.27506469888787827
0.31686239164435476
0.3733310583116487
0.323288726292481
0.513765102000396
0.34014953607782955
0.02786547258552924
0.21934640522875798
0.32684789526320523
0.3459470744819665
0.49893961379618174
0.05321752862218708
0.33329891851431154
0.36817852271470414
0.2625538020086075
0.07350305188795292
0.13317754396949782
0.24851048021831973
0.049502671113603326
0.37230816201913236
0.22393660552106828
0.6223249811807716
0.2935211998098282
0.4018046709129535
0.14977104614300804
0.2769443347808917
0.10679458949355143
0.16846705293135597
0.5724665687562794
0.08681164404801518
0.06385421450340235
0.26608925778900494
0.26697965059216117
0.22152893546082386
0.2928859011048945
0.3233371780084583
0.1862857916469229
0.02193419740777669
0.25226691467100637
0.41906091813580004
0.4196206169764317
0.42988890471442714
0.3514190820043448
0.377559262510975
0.080444424532951
0.18744248601967825
0.1582214793716848
0.1448371775077491
0.294117647058823
0.42182984390429384
0.26983033330462475
0.35153334307306106
0.46524064171122875
0.024883622513753676
0.7586493892289178
0.026989783135213417
0.19440903296303047
0.6165603309261721
0.0578667810365872
0.36838519191460195
0.1596244131455398
0.13884803921568578
0.19787581699346368
0.1257670258729384
0.3785080020271307
0.12119283571233744
0.13160189940885728
0.37812783361950764
0.19013666072489604
0.4983869448499984
0.14386872674424597
0.4230976794387472
0.002693399949549628
0.1535169369542267
0.0708709921736934
0.28539715090639395
0.3213217048606037
0.2416701979836988
0.039500325721428815
0.34579902787421835
0.3639476580653037
0.5145905341632999
0.43067751314205027
0.06877828054298635
0.3264230144959979
0.17202295552367228
0.20678009575923367
0.34760014435221837
0.4514961968485052
0.1433304547115286
0.5005242416573262
0.2795445315672737
0.20471624773257321
0.28984945884140634
0.29083214226050147
0.21881268636486853
0.6363955940942101
0.4570769484264286
0.12050269484570557
0.5902781950369513
0.02205882352941176
0.47275934595291325
0.21198728139904566
0.23850134849478813
0.3223248510148539
0.16819030297228701
0.37675376496331453
0.25051640396747055
0.2735978112175106
0.35919664337757695
0.09021387209450747
0.11724078497032955
0.0657742559745331
0.27086269564572363
0.14220387195890374
0.3328721684196485
0.42577030812324795
0.565266652802774
0.04294938108657646
0.14815166777534888
-0.00033426876763656654
0.1582001534878081
0.37095945174186107
0.3853565455016602
0.34337907946236973
0.45352479556845066
0.1802486753301436
0.013813325280430945
0.25615615267953257
0.3590946055841679
0.4481943683891976
0.07776627717018537
0.24918694441201492
0.18646743133747207
0.6422132071219284
0.017773121926102052
0.5848386598733971
0.21914687396956353
0.0400536792663833
0.12294462604924665
0.2860441291151238
0.4317848821848049
0.21419382658377895
0.08296620026081142
0.3113842182945544
0.3013666299534707
0.04759118024616777
0.21477448247892336
0.28278819688920126
0.32885075488821036
0.2555876302916105
0.02787019456879584
0.315201349356947
0.6693642778316575
0.21361533377395892
0.4469603741078018
0.1339553752535495
0.5080761812921869
0.09712990356168538
0.3599324975891988
0.4448218223202212
0.5359276018099541
0.36923076923076864
0.3563909478000314
0.1108392229771294
0.4311594202898543
0.07249239521194635
0.179065400942296
0.1799676898222936
0.37004300047778255
0.18565918446785132
0.530208831500078
0.6958802223556544
0.13534715163300465
0.43359501021615204
0.2278084062515807
0.41224372485150335
0.3173993568839545
0.2977407287401682
0.42555664054618875
0.26358404058140644
0.34035585426920356
0.6107938320959446
0.27976990721354056
0.37896711185848647
0.36082270430088986
0.1960853869749388
0.35539446954475234
0.5136630629096783
0.15016676773802282
0.49108159392789297
0.2906839290740208
0.3461032699219771
0.08295267129791575
0.3521651629628363
0.20106541337035153
0.07754880694143151
0.5965924138539859
0.21104986650589916
0.5103924243640148
0.5608483721509232
0.4024132730015073
0.12496979071003922
0.21964577850487235
0.15813107082929556
0.27912184588315236
0.39179206566347397
0.23439444114775637
0.29068787907961835
0.3130293922479405
0.3864918321002109
0.14900261296284475
0.36198026872619493
0.38126495974468644
0.21918045568742917
0.3117647058823522
0.6253196930946283
0.27878421291395683
0.27325182458985703
0.22103156916482533
0.3367003367003372
0.16596373062499312
0.25165652467883665
0.48907302859223967
0.11517559361670994
0.08662282677236274
0.11228139904610471
0.41757407311840594
0.2028238802043359
0.2038439138031447
0.2931671771042345
0.312137984296562
0.42783456666248354
0.0800086030755993
0.1619639725809022
0.2554832104176998
0.4648123219484698
0.1825596873318414
0.540864133263924
0.19976415094339608
0.256341401458794
0.17725844038447167
0.10843808597819289
0.47540813682301036
0.3374324430171522
0.19011322838994676
0.5285530270502359
0.3917808219178074
0.2264908468083532
0.5086449915429413
0.274829633882836
0.1336236772792382
0.05730049714072234
0.17537334981115915
0.5144845691260415
0.08458981877028288
0.6438758215865416
0.13831856494488842
0.07079785143456033
0.34742978272389957
0.5540330585645843
0.4095688163447038
0.4362039779940747
0.6876639352595532
0.6453243470935122
0.3645998940116588
0.09168443496801684
0.2282069454287736
0.2009593536985609
0.39507274837097084
0.3072073781137354
0.23832742735648407
0.38692238383318256
0.28216503992901354
0.3534642636359313
0.29374776937802105
0.3019651440342666
0.5540959380639745
0.10405045638945215
0.16004948824654122
0.4284485724114201
0.15769621969825373
0.5814479638009042
0.28012637279975927
0.2420043572984743
0.4042936882782301
0.24113060604152928
0.22200498218521408
0.4293193717277481
0.4421350015134693
0.21868533845699084
0.10807742214532864
0.764872050515121
0.1775821666766805
0.3386908980459652
0.22502262443438867
0.26229212039704075
0.4971219991576567
0.1712936964762036
0.0708064158726371
0.2534069346213556
0.6054639428993348
0.3897462267711881
0.1856461503520326
0.19000738370662068
0.36029639715760153
0.1551015340470144
0.16984892317582714
0.3239723427019935
0.2062158196611977
0.5572124917382678
0.11353720993951166
0.16585904434766566
0.20212099049211138
0.2207342151362054
0.4823739871619478
0.12830066854091218
0.18036529680365238
0.6939315276485285
0.4105731495348555
0.44232165800793083
0.6699249432710763
0.13957554373584677
0.5985196546317283
0.5442757748260579
0.3695187165775391
0.29273356401384043
0.1280655119190531
0.18352142699280644
0.10782903089293229
0.27174419688636114
0.04503871311484688
0.05133535563522187
0.24563094038806832
0.15882255840599643
0.06084724353837571
0.5306589066722088
0.2776584784578521
0.0680079614397736
0.20260445793720502
0.06703762586115526
0.32777440873256475
0.33510965361754397
0.3030967550748257
0.3234200743494419
0.3200726121045914
0.1953079856697096
0.47464228934816993
0.37040057379223507
0.2995619917073705
0.4465294779329047
0.15250427404546293
0.14045358121580132
0.3276150839973601
0.14432883486143996
0.1399711777806893
0.011958796235455867
0.45731389901093106
0.42244759972954643
0.4171665462768127
0.46298082074359553
0.07655643394364939
0.04152369994452539
0.38536215821887937
0.3567513208028212
0.3044692737430155
0.2741542425311592
0.3101918534308916
0.11988703989827655
0.22322152001296305
0.5172935397793886
0.2653518891083258
0.4043936985113451
0.251596065047179
0.09278319669678632
0.4518654367284368
0.12405853053204868
0.381269729919326
0.24406036758479852
0.2992091864370047
0.1577052614413927
0.5728422210005489
0.23100281843803958
0.13022948143248197
0.367647058823528
0.32708085698547495
0.07204120357820532
0.5153227732229554
0.20800697311235625
0.008043369102304219
0.39853644807205113
0.2849156483451239
0.11281333368551721
0.22721487466105908
0.3176568058872253
0.0948855782521885
0.21598157335223228
-6.277857994851453e-05
0.18294036436479807
0.4504489384912295
0.22447705276303445
0.12571345768360698
0.29078323508307846
0.23682598039215694
0.2142857142857136
0.04749059446356882
0.415353409268216
0.42533936651583676
0.4015230656577979
0.5131684270123562
0.18342125094197412
0.12919051512673735
0.27700177060790854
0.49509188870027226
0.14478609625668418
0.22999349381912818
0.20136331821916553
0.13202181534865567
0.3922495135831003
0.31116310160427735
0.2238821454507723
0.03888292695100947
0.0353423336547733
0.5762601153971758
0.3454715219421098
0.6738069870464869
0.08493194300724337
0.11563025210084034
0.09355983772819455
0.5113754409196228
0.24535840894069555
0.29953663708473965
0.14823030907278148
0.5141741272607095
0.3712353612933561
0.13561417971970335
0.3540786480337989
0.2704476212795878
0.3977929250633387
0.26349229011993097
0.03577634397015052
0.3512493492972408
0.3457180818939484
0.05318746477459603
0.26438502673796765
0.4015345268542192
0.2992210582863281
0.29691876750700236
0.10333732836769317
0.3840622421313215
0.1777672993044911
0.321284411991474
0.3447941888619849
0.1980770466177004
0.1400199401794616
0.15638450502152074
0.5274401616036337
0.2970178600688175
0.45246991718647495
0.18679924181578642
0.1434720229555233
0.1539334587197612
0.17176881876220967
0.1326297439280076
0.38700663639538857
0.13582830901877435
0.1915757087392861
0.30434261344660113
0.2937877184058941
0.11242160491532527
0.132628332231769
0.3003400296000797
0.18308375179340014
0.2133056455838682
0.05296320186271887
0.5254027261462192
0.16657221027946043
0.19590362889934365
0.6932447397563666
0.14819038437799378
0.4435527259684352
0.3359477124183001
0.0420073113991359
0.23834360344066077
0.4003601440576226
0.2892870601939086
0.2528550932568146
0.02667373255608546
0.10282614486716879
-0.01699641481874912
0.16359719412552823
0.2211547844944425
0.38248438341073776
0.31169255085211606
0.18443191891485008
0.3404772761817903
0.20465860597439506
0.5954523716360145
0.24336734998537027
0.19233051965180686
0.21987626436217106
0.2730884658772443
0.5438754564361736
0.2985936954382388
0.20230584310454788
0.10022768066882683
0.3880288957688331
0.20576563958916877
0.32852489530013873
0.23955036560078533
0.28993464052287576
0.13468869123252822
0.370919371466058
0.3461345561367051
0.32929918378834694
0.1604589291652807
0.42797840003842297
0.3138900815800769
0.16322332983738738
0.032552443408525124
0.6273511223332547
0.5979290592641547
0.04811676544056412
0.33584131326949346
0.08594912023621944
0.20859374077005716
0.2686494871677377
0.3218954248366006
0.05522839666840189
0.36199095022624445
0.26828787380874036
0.45067305919232925
0.2265869297423638
0.05304899541769473
0.2670027065279464
0.18863677839284568
0.37841516771997924
0.25527648614544246
0.27507255274026077
-0.0039261206513946136
0.23233136775492544
0.03091906933601295
0.253426837657737
0.3479809976247025
0.31034195856560354
0.23311546840958544
0.1345588235294114
0.4053438276719119
0.16474245115452932
0.33601498603422003
0.01840144397648909
0.016446446662211955
0.0897218093013376
0.3538049990247155
0.12883909370655958
0.5374356194090528
0.6032599285365733
0.13932802890795984
0.2381237416335637
0.28884381338742254
0.460589478920531
0.3397659459040523
0.3758505863616611
0.5041715070229156
0.34499022976888244
0.2870862630766595
0.3788800646116559
0.10102301790281332
0.11420566726596877
0.5672124519911045
0.2969952486113895
0.3117993759389804
0.44593576662329487
0.6089861953750102
0.29968939127093375
0.3909931925292359
0.3437228721425326
0.27556876409100106
0.4391193567245004
0.15241774675972058
0.43449457452883977
0.06707914504481616
0.3100527581380322
0.20035053127396205
0.3842779120780725
0.09509230239678255
0.03445084327437269
0.11078253994800272
0.2969294402901446
0.09093996361431159
0.2383333033610872
0.18360645921076238
0.10905778240499725
0.3537632147431603
0.3166040424980563
0.5100199342100615
0.3047091716462909
0.3356512740260225
0.22638146167557927
0.04416732909379966
0.41160175981749964
0.1965964893950474
0.23923959827833535
0.08071304179566549
0.24157712620651958
0.148562079699136
0.25442046329196666
0.10558690334923566
0.2813553168483277
0.27119296316657504
0.5067135549872109
0.11590198502144955
0.3015611757336044
0.16422687010922277
0.0867060246105697
0.6805375621115461
0.4427685604156189
0.35461059423769514
0.314177667150836
0.5986597170513768
0.4661535742404026
0.1406432261289781
0.2837370242214523
0.3130193905817174
0.36814046236620696
0.23241895261845325
0.17431827353613777
0.10987730259963084
0.41542521494849655
0.345652895624715
0.6067502410800379
0.4637862598943048
0.42616033755274146
0.499052581714826
0.40825866770549185
0.49268292682926734
