0
0.411765
0.294118
0
0.470588
0
0.374332
0.058824
0.374332
0.294118
0.058824
0
0
0.470588
0.058824
0.445378
0.470588
0.114046
0
0.220114
0.326203
0.114046
0
0.294118
0.117647
0.588235
0.234389
0.365754
0.365754
0
0.411765
0.176471
0.117647
0
0.470588
0
0.365754
0.176471
0.411765
0.058824
0
0.005348
0.005348
0
0.352941
0.941176
0.082353
0
0.117647
0.411765
0.117647
0.058824
0
0.235294
0.305503
0.117647
0.005348
0
0.235294
0
0.058824
0.117647
0
0.117647
0.470588
0.235294
0.823529
0.352941
0.235294
0.117647
0.176471
0.117647
0.176471
0
0.117647
0.176471
0
0.114046
0.117647
0
0.057389
0
0.117647
0.305503
0.057389
0.117647
0.058824
0.155321
0.294118
0.352941
0.235294
0
0
0.058824
0.359477
0.198728
0
0.114046
0
0.058824
0.234389
0.294118
0.235294
0
0.235294
0.005348
0
0.352941
0.058824
0.117647
0.294118
0
0.117647
0.117647
0
0
0.518283
0.470588
0.352941
0.058824
0.326203
0
0.294118
0.411765
0
0.042017
0.058824
0
0.235294
0.096886
0.528872
0.176471
0.59276
0.063939
0
0.117647
0.058824
0.764706
0.045752
0.008285
0.058824
0
0.058824
0.235294
0.058824
0
0
0.411765
0
0.117647
0.117647
0
0.117647
0.234389
0.528872
0.173375
0.058824
0.294118
0.057389
0
0.239351
0
0.518283
0.114046
0
0.176471
0.647059
0.647059
0
0.470588
0.008285
0.352941
0.705882
0.176471
0
0
0.176471
-0.021672
0.423001
0.117647
0.239351
0.374332
-0.031674
0
0
0.058824
0.294118
0.031077
0
0.176471
0
0.058824
0.117647
0.39257
0
0
0.261438
0.294118
0.176471
0.764706
0.117647
0
0.058824
0.235294
0.352941
0.082353
0.823529
0.057389
0.117647
0
0
0.114046
0.058824
0.234389
0.598377
0.117647
0
0.117647
0.359477
0.411765
0
0.117647
0.058824
0.058824
0
0
0.058824
0.117647
0
0.810648
0.058824
0.326203
0.117647
0.058824
0
0.052632
0.529412
0.005348
0.117647
0.005348
0.598377
0.239351
0.680603
0
0.058824
0
0.234389
0.058824
0.082353
0.176471
0
0
0.058824
0.235294
0.173375
0.235294
0.058824
0.296535
0
0.058824
0.305503
0.058824
0
0
0.058824
0.486962
0
0.058824
0
0.294118
0.058824
0.374332
0
0
0
0.176471
0
0.411765
0.117647
0.162791
0.058824
0
0.294118
0.117647
0.058824
0.470588
0.096886
0.423001
0.063939
0.058824
0.173375
0.810648
0.117647
0.058824
0.588235
0.352941
0.058824
0.739367
0.235294
0.529412
0.138718
0.615825
0
0.440622
0.235294
0.052632
0.155321
0
0
0.082353
-0.026738
0
0
0
0.117647
0.058824
-0.037647
0
0.138718
0.176471
0
0
0.058824
0.058824
0.058824
0
0.440622
0
0.647059
0.117647
0.058824
0
0.551261
0.234389
0.063939
-0.021672
0.823529
0.058824
0.058824
0.486962
0
0.138718
0.305503
0.003056
0.235294
0.234389
0.235294
0.235294
0.352941
0.176471
0.296535
0.058824
0.176471
0.117647
0.096886
0.326203
0.058824
0
0.220114
0.005348
0
0.117647
0.155321
0.117647
0.117647
0.352941
0
0.117647
0.296535
0.445378
0.296535
0.058824
0.470588
0.058824
0
0
0.176471
0
0.057389
1
0.235294
0.058824
0.117647
0
0
0.352941
0.305503
0.058824
0.647059
0.445378
0.058824
0.176471
0
0
0.529412
0.176471
0.058824
0
0
0
0.445378
0.176471
0.352941
0.058824
0.176471
0.294118
0.235294
0
0.104575
0.239351
0
0.058824
0.239351
0.234389
0
0
0
0.005348
0
0.235294
0
0.04083
0.117647
0
0.058824
0.052632
0.176471
0.058824
0
0.104575
0
0
0.117647
0.058824
0.003056
0.176471
0.66858
-0.001417
0.117647
0.058824
0.176471
-0.026738
0.647059
0.058824
0
0.138718
0.058824
0.096886
0.058824
0.052632
0.529412
0.005348
0
0.052632
0.058824
0.486962
0.235294
0
0.261438
0
0
-0.050145
0.117647
0
0
0.261438
0.588235
0.764706
0
0
0.176471
0.235294
0.173375
0.588235
0.117647
0.235294
0.296535
0.117647
0
0
0.176471
0.031077
0
0.117647
0.058824
0.045752
0
0.198728
0
0
0.173375
0.528872
0.114046
0.294118
0
0
0.058824
0
0.063939
0.470588
0.705882
0.117647
0
0
0.423001
0.117647
0
0.138718
0.173375
0
0.117647
0
0.042017
0
0
0.647059
0.235294
0
0.058824
0.234389
0.058824
0.66858
0
0
0.261438
0.063939
0.739367
0
0
-0.051151
0
0.057389
0.460208
0.117647
0.117647
0.058824
0.235294
0.045752
0.063939
0.093306
0.296535
0.235294
0.239351
0.114046
0
0.198728
0.058824
0.058824
0.176471
0.326203
0.117647
0.411765
0.296535
0.486962
0.198728
0.352941
0.235294
0
0.058824
0.117647
0.058824
0.052632
0.058824
0.615825
0.470588
0.117647
0.460208
0.176471
0.176471
0.326203
0.294118
-0.001417
0.39257
0.117647
0.058824
0.294118
0.882353
0.529412
0.003056
0.114046
0.057389
0.411765
0.176471
0.058824
0
0
0.359477
0
0
0.529412
-0.026738
0
0.235294
0.294118
0.445378
0.352941
0.359477
0.058824
0.352941
0.058824
0
0.374332
0
-0.03268
0.220114
0.045752
0.411765
0.058824
0.440622
0
0.176471
0.176471
0.359477
0.239351
0.063939
0.239351
0
0.058824
0.235294
0
0
0.117647
0.647059
0.058824
0.058824
0
0.058824
0.235294
0.058824
0.588235
0.155321
0.296535
0
0
0
0.411765
0
0
0.058824
0.239351
0.052632
0.057389
0
0.016807
0.352941
0.745554
0
0.058824
0.117647
0.470588
0
0.529412
0.117647
0
0.261438
0.117647
0.326203
0.117647
0.352941
0.096886
0.058824
0.764706
0.058824
0.470588
0.423001
0
0.615825
0.058824
0
0.005348
0.176471
0.016807
0
0.647059
0.117647
0.008285
0
0.176471
0.176471
0.045752
0
0.176471
0.176471
0.296535
0.058824
0.003056
0
0
0.529412
0.529412
0.486962
0
0.235294
0.528872
0.411765
0.176471
0.411765
0.352941
0.058824
0.234389
0.647059
0.294118
0
0
0
0
0
0
0.588235
0.235294
0.058824
0.058824
0
0.326203
0
0.176471
0.739367
0.305503
0
0.470588
0.005348
0.058824
0.518283
0.235294
0.261438
0.234389
0.063939
0
0.176471
0
0.234389
0.058824
0.117647
0.359477
0.117647
0
0.058824
0.220114
0.176471
0
0.528872
0.117647
0.162791
0.152941
0.042017
0.138718
0.117647
0.176471
0.745554
0.005348
0
0.198728
0.352941
0.176471
0.042017
0.138718
0.176471
0.058824
0.176471
-0.058824
0.058824
0.470588
0.176471
0.470588
0.235294
0.294118
0.058824
0.138718
0
0.294118
0
0
0
0.176471
0.326203
0.117647
0.117647
0.176471
0
0.294118
0.117647
-0.03268
0.058824
0.374332
0.647059
0.005348
0.162791
0
0.052632
0
0
0.411765
0.705882
0.235294
0.374332
0.598377
0.176471
0.235294
0.176471
0.058824
0
0.058824
0
0.294118
0.176471
0
0.529412
0.235294
0.058824
0
0
0
0
0.294118
0
0.445378
0.117647
0
0.058824
0.058824
0.235294
0.117647
0.235294
0.058824
0
0.352941
0.352941
0
0
0.235294
0.176471
0.176471
0.235294
0.152941
0
0.058824
0.117647
0.117647
0
0.359477
0.114046
0.235294
0.058824
0
0.647059
0.063939
0.058824
0.352941
0.326203
0.058824
0.551261
0.058824
0.082353
0
0
0
0.176471
0.411765
0
0.261438
0.008285
0.058824
-0.045249
0.235294
0
0.176471
0.058824
0.058824
0.114046
0.058824
0.031077
0.423001
0.294118
0.66858
0.096886
0.173375
0.220114
0.220114
0.352941
0.359477
0.705882
0
0
0.290479
0
0.117647
0
0.117647
0.058824
0.176471
0.290479
0.176471
0.117647
0.058824
0.294118
0.615825
0
0.39257
0
0.058824
0.235294
0.058824
0
0.176471
0.518283
0.016807
0.173375
0.058824
0
0.117647
0.411765
0
0.470588
0.296535
0
0.326203
0.058824
0.176471
0
0.470588
0.058824
0.352941
0.117647
0.058824
0.39257
-0.012788
0.058824
0
0.352941
0.176471
0
0
0
0
0.810648
0
0.294118
0
0.117647
0.529412
0.745554
0.235294
0.117647
0.057389
0
0
0
0.745554
0
0
0.138718
0.226244
0.764706
0.176471
0.173375
0.680603
0
0.810648
0.176471
0
0.117647
0
0.470588
0.588235
0.226244
0
0
0
0.294118
0.294118
0.529412
0
0.058824
0
0.058824
0.117647
0.374332
0.588235
0.057389
0.138718
0.239351
0.058824
0.764706
0.235294
0.235294
0.104575
0.058824
0.518283
0.117647
-0.045249
0
0.058824
0.117647
0.058824
0.176471
0.176471
0
0
0
0.680603
