0.058824
0.176471
0.176471
0.052632
0
0.176471
0.294118
0
0.365754
0.294118
0.290479
0.082353
0.176471
0.058824
0.058824
0.003056
0.058824
0.117647
0.082353
0.176471
0
0.138718
0
0.058824
0.117647
0.117647
0.031077
-0.001417
0.294118
0.152941
0
0.235294
-0.045249
0
0.226244
0.058824
0
0.235294
0
0.234389
0.058824
-0.029815
0
0.352941
0.117647
0
0
0.235294
0.058824
0.235294
0.294118
0.173375
0
0.005348
0.176471
0
0.173375
0.058824
0.117647
0.117647
0.294118
0.058824
0
0.093306
0.117647
0.058824
0.220114
0.058824
0.058824
0
0.460208
0.470588
0.411765
0
0.176471
0.440622
0.235294
0.058824
0.114046
0
0.359477
0.261438
0
0.326203
0.176471
0
0.176471
0.117647
0
0.058824
0.016807
0
0.117647
0
0
0.117647
0
0.176471
0.117647
0.117647
0.294118
0
0.057389
0.031077
0.305503
0.117647
0.296535
0.063939
0
0.058824
0
0.359477
0
0.058824
0
0.261438
0
0.220114
0.176471
0.411765
0.176471
0.39257
0
0
0
0.117647
0.296535
0.352941
0.173375
0.411765
0
0
0.104575
0
0.117647
0.176471
0.058824
0
0.058824
0.176471
0.058824
0
0.016807
0.411765
0.352941
0.176471
0.117647
0.423001
0.114046
0.058824
0.294118
0
0.411765
0
0
0.057389
0.411765
0.294118
0.239351
0.411765
0
0.058824
0.305503
0.082353
0
0.117647
0.058824
0.052632
0.374332
0.470588
0.114046
0.352941
0.058824
0.155321
0.117647
0.235294
0.045752
0
0
0.460208
0.005348
0.058824
0
0.058824
0.117647
0.058824
0.117647
0
0
0.117647
0
0.239351
0.058824
0.152941
0.003056
0.058824
0.294118
0.117647
0
0.235294
0.359477
0.058824
0
0
-0.012788
0.411765
0.294118
0.117647
0.152941
0.058824
0.117647
0
0.220114
0
0.176471
0
-0.045249
0.411765
0.114046
0
-0.058824
0
0
0.058824
0.261438
0.235294
0.176471
0.117647
0.058824
0.423001
0
0.326203
0.058824
0.093306
0
0.058824
0.058824
0
0
0.058824
0
0.016807
0.294118
0.176471
0
0
0.058824
0
0.117647
0.117647
0
0.305503
0.058824
0.176471
0.176471
0.058824
0.117647
0
0.058824
0.294118
0.042017
0.234389
0.042017
0.365754
0.058824
0.294118
0.176471
0
0.058824
0.294118
-0.012788
0.063939
0.176471
0.117647
0.058824
0.374332
0.117647
0
0.176471
0.176471
0.176471
0.235294
0.176471
0
0
0
0
0
0
0.117647
0
0
0.155321
0.058824
0.082353
0.058824
0.326203
0
0.173375
0.117647
0.117647
0
0
0.470588
0.176471
0.411765
0
0.359477
0.058824
0.176471
0.305503
0.365754
0.239351
0
0.114046
0.176471
0.176471
0.176471
0
0.176471
0
0.294118
0.470588
0.093306
0
0.003056
0.235294
0.058824
0.176471
0
0.058824
0.296535
0.39257
0.058824
0
-0.050145
0.057389
0
0.235294
0.235294
0.176471
0.005348
0
0.176471
0.235294
0
0
0
0
0.294118
0.117647
0.305503
0
0.294118
0.294118
0.058824
0.057389
0.235294
0
0
0.008285
0.235294
0.234389
0
0.173375
0.052632
0.294118
0
0.220114
0
0
-0.03268
0.176471
0.411765
0
0.235294
0
0
0.117647
0.220114
0.411765
0
0.352941
0.198728
0
0.058824
0
0.058824
0
0
0
0.117647
0.352941
0.114046
0.058824
0.058824
0
0
0
0.294118
0.117647
0.058824
0.352941
0.058824
0.058824
0.058824
0.176471
0.173375
0.326203
0.326203
0.117647
0.39257
0.016807
0.411765
0.058824
0.058824
0.058824
0.117647
0.058824
0
0.138718
0.176471
0.365754
0.176471
0
0.058824
0.058824
0.058824
0
0
0.220114
0.374332
0.058824
0.117647
0
0.058824
0.235294
0.117647
0.058824
0.235294
0.239351
0
0.058824
0.058824
0.031077
0.198728
0.005348
0.117647
0
0
0
0.235294
0
0.058824
0.411765
0
-0.058824
0.117647
0
0
0.176471
0
0.294118
0
0
0.176471
0.058824
0.117647
0.117647
0.063939
0.296535
0
0.176471
0
0.117647
0.063939
0.114046
0.235294
0.058824
0
0.290479
0.117647
0.063939
0.261438
0.39257
0.117647
0.470588
0.365754
0.042017
0.294118
0.058824
0.365754
0.117647
0.058824
0
0.114046
0.031077
0.117647
0
0.411765
0.294118
0.058824
0
0.058824
0.294118
0.117647
0.411765
0.058824
0.234389
0
0
0.117647
0
0
0
0.058824
0
0
0
0
0
0.031077
0.411765
0.058824
0
0.359477
0.176471
0.239351
0
0.226244
0
-0.045249
0.294118
0
0.470588
0.235294
0.058824
0.117647
0.058824
0
0.117647
0
0.470588
-0.051151
0
0
0.058824
0.294118
0.058824
0
0.359477
0.117647
0
0.058824
0.117647
0
0
0.117647
-0.051151
0.294118
0.294118
0.155321
0
0
0
0.052632
0
0.058824
0
0.058824
0.117647
0.176471
0.005348
0.226244
0.235294
0.296535
0.411765
0.176471
0
0.058824
0.294118
0
0.176471
0.352941
0.058824
0.058824
0.117647
0
0
0
0.326203
0.176471
0.117647
0
0.235294
0
0
0.352941
0.235294
0
0.294118
0.058824
0
0.058824
0.117647
0.058824
0.176471
0.173375
0
0.234389
0
0
0.470588
0.117647
0
0
0.058824
0.058824
0.058824
0
0.003056
0.058824
0.155321
0.045752
0.226244
0.058824
0
0.176471
0
-0.037647
0
0.005348
0.052632
0.294118
0.117647
0.411765
0
0
0.176471
0
0
0.39257
0.235294
0.176471
0
0.117647
0.176471
0.235294
0
0
0.411765
0
0.261438
0.176471
0.234389
0.470588
0.296535
0.058824
0.058824
0.058824
0.305503
0
0
0.058824
0.114046
0
0.114046
0.058824
0.173375
0
0.058824
0
0.058824
0
0.138718
0.058824
0.352941
0
0.305503
0.226244
0.235294
-0.052288
0.058824
0.296535
0.117647
0.235294
0.117647
0
0
0
0
0.294118
0.117647
0.117647
0.104575
-0.012788
0.374332
0
0
0.235294
0.460208
0.445378
0.117647
0
0.058824
0
0
0.294118
0.470588
0
0.117647
0.173375
0
0
0.235294
0.117647
0.176471
0.058824
0.261438
0
0.173375
0
0.058824
0.220114
0
0
0.411765
0.058824
0
0
0.114046
0.162791
0
0.117647
0
0.058824
0.235294
0.117647
0.176471
0.445378
0
0
0
0
0
0.235294
0
0
0.294118
0
0.235294
0.058824
0.117647
0.470588
0.294118
0.058824
0.058824
0.359477
0
0.411765
0.294118
0.470588
0.234389
0.117647
0.296535
0.058824
0.326203
-0.021672
0.058824
0.058824
0.031077
0.058824
0
0.326203
0.176471
0.294118
0.057389
0
0.296535
0
0.359477
0.117647
0.296535
0.058824
0
0.423001
0
0.058824
0.296535
0
0.117647
0
0.220114
0.117647
0.138718
0.058824
0.058824
0.117647
0.117647
0.162791
0
0.058824
0
0.294118
0.058824
0.117647
0.117647
0
0
0.093306
0.176471
0
0
0
0
0
0.445378
0.058824
0.352941
0.234389
0.058824
0.058824
0.290479
0.411765
0.005348
0.296535
0.235294
0.235294
0.155321
0.173375
0.117647
0
0.117647
0.117647
0.294118
0.063939
0.173375
0.114046
0.176471
0.117647
0.261438
0
0.005348
0
0.326203
0.058824
0.117647
0.176471
0.058824
0.152941
0.117647
0.058824
0.176471
0.058824
0.058824
0.305503
0.058824
0.096886
0.117647
0
0.117647
0.058824
0
0.117647
0
0.138718
0.374332
0.138718
0.117647
0
0
0.058824
0.031077
0.058824
0.176471
0.058824
0.058824
0.296535
-0.037647
0.058824
0.117647
0.117647
0.058824
0.365754
0
-0.045249
0.470588
0
0
0
0.117647
0
0
0.058824
0
0
0.176471
0
0.294118
0.239351
0
0.290479
0.052632
0.162791
0
0.058824
0.294118
0.305503
0.294118
0.058824
0.058824
0.058824
0.058824
0.117647
0.176471
0.016807
0.176471
0.058824
0.176471
0
0.058824
0.460208
0.411765
0.057389
0.176471
0
0.176471
0.235294
0.294118
0.138718
0.117647
0.294118
0.176471
0
0
0.117647
-0.001417
0.155321
0.294118
0
0.005348
0.411765
0.235294
0.261438
0.411765
0.058824
0
0.082353
0
0.176471
0.058824
0
0.239351
0
0.176471
0
0.058824
0.294118
0
0.058824
0
0.008285
0.117647
0
0.104575
0
-0.03268
0.058824
0.176471
0
0.117647
0.058824
0.058824
0.411765
0.234389
0.117647
0
0.138718
0.117647
0.058824
0.296535
0.423001
0.460208
0.326203
0.239351
0.359477
0.042017
0
0
0.294118
0.058824
0.117647
0.052632
0.058824
0
0
0.117647
0
0.058824
0.352941
