0.058824
0
0
0.117647
0.058824
0.176471
0
0.117647
0.305503
0.117647
0
0
0.058824
0.176471
0.365754
0.294118
0
0.235294
0.470588
0.359477
0
0.294118
0.058824
0
0
0
0.005348
0
0.235294
0.423001
0
0.176471
0
0.226244
0
0.058824
0.176471
0.470588
0.058824
0.058824
0
0.411765
0.176471
0.093306
0.234389
0.058824
0
0.176471
0.058824
0.058824
0.058824
0.411765
0.176471
0.117647
0.003056
0.117647
0
0
0.176471
0.117647
0.176471
0.058824
0.058824
0.176471
0
0
0.117647
0.235294
0
0.294118
0.058824
0
0.176471
0.117647
0.058824
0
0
-0.012788
0.117647
0
0.114046
0
0.470588
0
0
0.294118
0.176471
0.117647
0.058824
0
0.470588
0.365754
0
0.226244
0.294118
0.082353
0.117647
0.117647
0.352941
0.440622
0
0
0.352941
0.551261
0.235294
0.294118
0.117647
0
0
0
0.235294
0.176471
0
0.294118
0.173375
0.294118
0.058824
0
0.058824
0.117647
0.058824
0.058824
0
0
0.003056
0.176471
0
0
0.411765
0.305503
0
0.117647
0.296535
0
0.058824
0
0.518283
0.058824
0.294118
0
0
0.058824
0
0
0.058824
0
0
0
0
0
0.235294
0
0.117647
0.045752
0
0
0.470588
0.058824
0
-0.058824
0
0.058824
0.261438
0.058824
0.470588
0.352941
-0.051765
0.470588
-0.052288
0.117647
0
0
0
0
0
0
0
0.005348
0.058824
0
0.411765
0
0.198728
0.058824
0.352941
0
0.117647
0.294118
0
0.117647
0
0.058824
0.058824
0
0.117647
0.411765
0.114046
0.359477
0.176471
0
0.326203
0
0.058824
0
0.352941
0.031077
0.470588
0.117647
0
0
0.294118
0.294118
0.294118
0.460208
0.058824
0.176471
0.235294
0
0.058824
0.352941
0
0.176471
0
0.352941
0
0.114046
0.234389
0.234389
0.352941
0.294118
0.117647
0.39257
0.518283
0
0
-0.058824
0
0.39257
0.117647
0.411765
0
0.117647
0.058824
0
0.173375
0.058824
0.058824
0.058824
0.117647
0.058824
0.058824
0.235294
0
0.235294
0.411765
0.220114
0
0.117647
0.058824
0.470588
0.411765
0.058824
0.294118
0
-0.021672
0.058824
0
0.235294
0
0.058824
0.176471
0.117647
0
0.235294
0.176471
0.114046
0
0.162791
0
0.470588
0.294118
0.294118
0.058824
0.058824
0
0.155321
0.117647
0.117647
0.294118
0.114046
0.058824
0
0.058824
0.235294
0
0.117647
0
0.096886
0
0
0.290479
0
0
0
0.117647
0.486962
0.411765
0.058824
0.058824
0.176471
0.117647
0.235294
0
0.058824
0
0
0.239351
0.114046
0
0.235294
0
0
0
0
0
0.003056
0.235294
0.096886
0
0.294118
0.198728
0.176471
0
0.058824
0.411765
0.117647
0
0.296535
0
0.176471
0.294118
0
0
0.117647
0.528872
0.374332
0.261438
0
0
0.235294
0
0
0.411765
0.470588
0
0.176471
0.052632
0.226244
0.058824
0
0
0.162791
0.294118
0
0.296535
0.176471
0.294118
0.117647
0.058824
0.226244
0.058824
0.058824
0.235294
0.058824
0.058824
0
0.294118
0
0.411765
0.117647
0.235294
0.294118
0.117647
0
0.058824
0
0
0
0.411765
0
0.235294
0
0
0.058824
0.052632
0.008285
0
0
0.296535
0.096886
0.063939
0
0
0
0.058824
0
0
0.117647
0.411765
0.117647
0.058824
0.486962
0.235294
0.365754
0.155321
0.296535
0
0.058824
0.058824
0
0.117647
0.058824
0.104575
0.058824
0.294118
0.117647
0.551261
0.294118
0.235294
0
0.235294
0.176471
0.173375
0.294118
0.235294
0.529412
0.235294
0
0.518283
0.374332
0
0.176471
0.261438
0
0.058824
0
0.058824
0
0.235294
0.173375
0
0.423001
0
0.352941
0.235294
0.176471
0
0.058824
0.294118
0.235294
0.058824
0.411765
0.173375
0
0.058824
0
0
0.093306
0
0.226244
0.058824
0.445378
0.528872
0
0
0
0.235294
0.296535
0.294118
0.352941
0.234389
0.235294
0.529412
0.460208
0.117647
0.470588
0.235294
0.176471
0.529412
0.058824
0
0.176471
0
0
0
0
0
0.176471
0.176471
0.152941
0.423001
0.352941
0.096886
0.529412
0.058824
0
0
0.235294
0.176471
0
0
0.235294
0.239351
0
0.117647
0.411765
0
0.058824
0.058824
0
0
0.176471
0.445378
0.352941
0
0.093306
0.460208
0.359477
0.058824
0
0.058824
0.117647
0.117647
0.470588
0.058824
0
0
0.235294
0
0.031077
0.117647
0
0.117647
0
0.031077
0.117647
0.058824
0.176471
0
0.138718
0
0
0.176471
0
0
0.058824
0.058824
0.058824
0
0.470588
0.551261
0.234389
0
0
0.058824
0.058824
0.058824
0.470588
0.411765
0
0.176471
0.359477
0.176471
0
0.117647
0
0.294118
0.39257
0
0.235294
0
0.294118
0
0.058824
0.058824
0
0.058824
0
0.529412
0.352941
0.052632
0.235294
0.117647
0.411765
0.411765
0
0
0.518283
0.045752
0.058824
0.104575
0
0.529412
0.551261
0.117647
0
0
0
0
0.352941
0.117647
0.058824
0.529412
0.529412
0.239351
0
0.411765
0.470588
0
0
0
0.058824
0
0.093306
0
0.008285
0.058824
0.117647
0.411765
0
0
0.117647
0.411765
0.220114
0.005348
0.352941
0.235294
0.352941
0.374332
0.374332
0.234389
0
0
0.063939
0.058824
0.016807
0.117647
0.114046
0.411765
0.352941
0.058824
0
0
0.058824
0.058824
0.220114
0.294118
0.294118
0
0.117647
0.058824
0.176471
0.176471
0
0
0.117647
0.117647
0.058824
0
0
0.470588
0.235294
0.058824
0.176471
0.058824
0.138718
0
0.470588
0
0
0
0.365754
0.411765
0
0.411765
0
0.326203
0
0.058824
0
0.117647
0
0.261438
0
0.470588
0.235294
0.096886
0
0.176471
-0.012788
-0.012788
0.117647
0.235294
0.470588
0.176471
-0.045249
0.235294
0.176471
0.117647
0
0.235294
0.176471
0.294118
0
0.234389
-0.026738
0.058824
0
0.058824
0.470588
0.528872
0
0.117647
0.235294
0.411765
0.058824
0
0
0.058824
0.294118
0.058824
0.220114
0.176471
0.058824
0
0
0.176471
0
0
0
0.352941
0.117647
0
0.058824
0
0.117647
0.058824
0.058824
0.117647
0.235294
0.117647
0.063939
0.058824
0.104575
0.058824
0.058824
0.117647
0.294118
0.117647
0
0
0
0
0
0.117647
0.058824
0.058824
0
0.226244
0.117647
0.058824
0
0.176471
0.235294
0.294118
0.176471
0.155321
0.294118
0
0.117647
0.226244
0.235294
0
0.198728
0
0.296535
0
0.117647
0
0.198728
0
0.058824
0.058824
0.411765
0.440622
0.305503
0.176471
0.411765
0
0.296535
0.058824
0.058824
0.326203
0.155321
0.235294
0.176471
0.005348
0.058824
0
0.082353
0
0.470588
0
0.058824
0.529412
0
0.234389
0.235294
0.058824
0.423001
0
0.005348
0.176471
0
0
0.117647
0.235294
0.352941
0.117647
0.117647
0.057389
0.117647
0
0
0.058824
0.005348
0.003056
0.352941
0.117647
0.294118
0.176471
0.117647
0
0.082353
0.104575
0.176471
0
0.486962
0.052632
0.176471
0
0
0.176471
0.005348
0.235294
0.529412
0.052632
0.162791
0
0.176471
0
0
0.045752
0.058824
0.058824
0.235294
0
0.058824
0.352941
0.052632
0.117647
0.352941
0.294118
0.063939
0.117647
0
0.440622
0.058824
0.04083
0
0.058824
0.411765
0
0.058824
0.176471
0.198728
0
0.058824
0.235294
0.058824
0.234389
0.117647
0.058824
0
0.173375
0
0.117647
0
0
0
0.058824
0
0.294118
0
0.470588
0.411765
0
0.082353
0.176471
0.176471
0
0.016807
0
0.052632
0.529412
0
0.117647
0.058824
0.235294
0.176471
0
0
0
0.176471
0.176471
0.058824
0.058824
0
0.152941
0.352941
0.518283
0
0.058824
0.39257
0.058824
0
0
0.352941
0.235294
0
0.058824
0.058824
0.234389
0.058824
0.352941
0.152941
0.04083
0
0.117647
0.058824
0.058824
0.117647
0.326203
0
0.176471
0
-0.045249
0
0.470588
0.235294
0.235294
0
0
0.411765
0.296535
0.529412
0
0.058824
0
0.117647
0.117647
0.176471
0
0.058824
0
0.117647
0.176471
0.058824
0
0.042017
0.294118
0.411765
0.176471
0.058824
0.176471
0.529412
0
0
0
0.058824
0.235294
0.294118
0
0.176471
0
0.005348
0
0
0
0.294118
