0.117647
0.117647
0.058824
0.114046
0.239351
0.352941
0.176471
0
0
0.058824
-0.037647
0.234389
0.117647
-0.012788
0.294118
0.117647
0.234389
0.486962
0.042017
0.096886
0
0.176471
0
0.235294
0.176471
0.173375
0
0.235294
0
0
0.176471
0.045752
0.058824
0
0.005348
0.226244
0.352941
0.117647
0.005348
0.352941
0.705882
0.296535
0
0.352941
0.551261
0.705882
0.411765
0
0.003056
0
0.176471
0.176471
0.117647
0
0.294118
0.058824
0.117647
1
0.176471
0.176471
0.058824
0.176471
0.176471
0.117647
0.235294
0.470588
0
0.176471
0.235294
0.058824
0.176471
0
0.104575
0.470588
0
0
0.058824
0
0.138718
0
0.294118
0.005348
0.423001
0
0.176471
0.460208
0.114046
0.294118
0.705882
0.005348
0.117647
0
0.176471
0
0.117647
0.058824
0
0.460208
0
0.352941
0
0
0.117647
0.234389
0
0.058824
0.518283
0.235294
0
0.365754
0
0.235294
0
0.117647
0
0.59276
0
0.176471
0
0.326203
0.411765
0.296535
0.117647
0
0
-0.021672
0
0
0.058824
0.239351
0.226244
0.176471
0
0.705882
0.117647
0
0.058824
0.823529
0.173375
0.294118
0.294118
0.058824
0
0.234389
0
0
0.063939
0
0.082353
0.352941
0
0
0.810648
0.117647
0.176471
0.058824
0.173375
0.294118
0.294118
0.176471
0.176471
0.59276
0.096886
0
0.031077
0.296535
0.235294
0.261438
0.745554
0.470588
0.058824
0.235294
0.261438
0.705882
0
0
0.058824
0.647059
0.411765
0
0.117647
0
0.058824
0.220114
0.235294
0.117647
0.117647
0.058824
0.882353
0.058824
-0.058824
0
0.117647
0.198728
0.176471
0.294118
0.058824
0.352941
0.226244
0
0.294118
0
0.117647
0.117647
0
0.294118
0.176471
0.235294
0.052632
0.117647
0.176471
0.764706
0
0.235294
0.176471
0.058824
0.235294
0.173375
0.176471
0
0
0.058824
0.239351
0.470588
0.005348
0.359477
0.39257
0
0
0.411765
0.045752
0.008285
0.117647
0.058824
0.058824
0.058824
0
0
0
0.162791
0
0.198728
0
0.117647
0
0.117647
0.052632
0.005348
0.042017
0
0.176471
0
0
0.470588
0
0.045752
0
0.882353
0.294118
0.296535
0.486962
0.529412
0.176471
0
0.66858
0.374332
0.528872
0.058824
0.117647
0
0.058824
0.058824
0
0.155321
0
0
0
0.529412
0.359477
0.470588
0.235294
0.138718
0.374332
0.058824
0.294118
0.294118
0.239351
0.235294
0
0.117647
0.411765
0.326203
0
0
0
0.173375
0.093306
0.176471
0
0
0
0
0.117647
0
0.117647
0.647059
0.176471
0.058824
0.057389
0.235294
0
0.117647
0
0.058824
0.058824
0
0.117647
0.117647
0.176471
0
0.117647
0.058824
0.486962
0.138718
0.235294
0
0.411765
0.423001
0.117647
0
0
0.551261
0.173375
0.294118
0.058824
0.117647
0.058824
0.117647
0.058824
0.058824
0.588235
0.008285
0.096886
0.117647
0.261438
0
0.058824
0
0.057389
0.176471
0.220114
0.057389
0.66858
0.440622
0.352941
0.005348
0.352941
0
0
0.117647
0
0.445378
0.117647
0
0
0.082353
0.058824
0
0.058824
0
0.058824
0
0.138718
0.117647
0.235294
0.176471
0.117647
0.39257
0
0
0.352941
0.031077
0.052632
0
0.117647
0.359477
0.176471
0.003056
0.326203
0.352941
0.082353
0
0.261438
0.117647
0.117647
0.352941
0
0.294118
0
0.114046
0.39257
0.359477
0.486962
0.326203
0.882353
0.063939
0.117647
0.235294
0.588235
0.176471
0.305503
0
0.294118
0.235294
0.117647
0.176471
0.294118
0.031077
0.114046
0
0.058824
0
0
0.058824
0.359477
0.235294
0.176471
0
0.470588
0.058824
0
0.235294
0.117647
0.058824
0
0
0.235294
0.411765
0.374332
0.198728
0.875862
0.294118
0.082353
0.359477
0.352941
0.016807
0.117647
0
0
0
0.058824
0
0.326203
-0.048443
0.176471
0
0.058824
0.235294
0.198728
0
0.082353
0.117647
0
0
0.058824
0
0.235294
0.117647
0
0.296535
0
0.352941
0.058824
0.176471
0.117647
0.529412
0
0
0.117647
0
0.003056
0.117647
0
0.176471
0.117647
0
0.296535
0.239351
0
0.058824
0
0.235294
0.411765
0.235294
0.117647
0.155321
0.486962
0.117647
0.352941
0
0.235294
0.588235
0.235294
0.239351
-0.058824
0
0
0
0.173375
0.114046
0.093306
0.598377
0
0
0.162791
0.352941
0.058824
0.764706
0.239351
0.117647
0.082353
0.114046
0
0.411765
0.764706
0.486962
0.680603
0.162791
0.588235
0.117647
0.352941
0
0.529412
0.528872
0.058824
0.235294
0.220114
0.294118
0.096886
0.235294
0.058824
0.058824
0.117647
0.411765
0.411765
0.04083
0.058824
0.176471
0.176471
0.352941
0.058824
0.096886
0.152941
0.162791
0.198728
0.117647
0.058824
0.486962
0.138718
0.117647
0.058824
0.096886
0.220114
0.66858
0.326203
0.176471
0.058824
0.296535
0.058824
0
0
0.138718
0.117647
0.198728
0.117647
0.058824
0.705882
0.117647
0.440622
0.352941
0.058824
0.063939
0.058824
0.352941
0
0
0.176471
0.117647
0.680603
0.176471
0.176471
0.058824
0.173375
0
0
0.058824
0
0
0.117647
0.005348
0.176471
0.058824
0.235294
0.239351
0.359477
0.176471
0.235294
0.008285
0.423001
0.003056
0.220114
0
0.058824
0
-0.037647
0
0
0
0.239351
0.058824
0.031077
0
0.152941
0.470588
0
0.058824
0.470588
0
0.261438
0.176471
0
0
0.235294
0.261438
0.810648
0
0.374332
0.235294
0.117647
0.058824
0.117647
0.411765
0.117647
0.235294
0
0.117647
0.235294
0.352941
0.176471
0.176471
0
0.058824
0.176471
0.226244
0
0.235294
0.239351
0.529412
0.176471
0.235294
0.745554
0.470588
0.117647
0
0.359477
0.173375
0
0.411765
0.294118
0.470588
0.296535
0.365754
0
0.294118
0.66858
0.235294
0.117647
0.058824
0
0.352941
0
0.176471
0
0.470588
0.296535
0
0.411765
0
0.352941
0.058824
0.058824
0.016807
0
0.470588
0
0
0
0
0.176471
0.359477
0.176471
0.117647
0.460208
0.173375
0.615825
0.016807
0.155321
0.058824
0
0
0.294118
0.518283
0
0.739367
0.058824
0.117647
0
0.305503
0.155321
0
0.294118
0
0.764706
0.294118
0.235294
0.058824
0.176471
0
0.176471
0
0
0.239351
0
0.016807
0.445378
0.058824
0.198728
0.745554
0.058824
0.588235
0.176471
0.176471
0.352941
0.352941
0.045752
0
0.59276
0
0.294118
0
0.117647
0.176471
0.235294
0.117647
0.058824
0
0.117647
0.155321
0.326203
0.235294
0.104575
0
0.117647
0
0
0.093306
0.058824
0.440622
0.114046
0
0
0.057389
0
0.045752
0
0.114046
0.470588
0.176471
0.117647
0
0.647059
0.058824
0.875862
0.294118
0.117647
0.117647
0.705882
0.220114
0.176471
0.486962
0.058824
0.326203
0.529412
0
0.162791
0
0.058824
0.352941
0.234389
0.235294
0.294118
0
0.882353
0.823529
0.810648
0
0.138718
0.220114
0.352941
0.096886
0.551261
0
0
0.096886
0
0.117647
0.470588
0.058824
0.235294
0
0.647059
0.058824
0
0.705882
0.031077
0.117647
0.470588
0
0.294118
0
0.176471
0.117647
0.176471
0
0.518283
0.486962
0
0
0.235294
0.411765
0
0.261438
0.058824
0
0
0.470588
0.352941
0.117647
0.445378
0.082353
0
0.296535
0.117647
0.551261
0.470588
0.008285
0.176471
0.352941
0.117647
0.234389
0.529412
0
0.39257
0
0.470588
0.411765
0.529412
0.058824
0.058824
0.220114
0
0.235294
0.445378
0.031077
-0.037647
0.235294
0
0.305503
0.294118
0.058824
0.117647
0.117647
0
0
0.058824
0.647059
0
0.138718
0.294118
0
0.117647
0.114046
0.588235
0.235294
0
0
0.460208
0.058824
0
0.423001
-0.045249
0.235294
0.117647
0.176471
0
0
0
0.239351
0
0
0.176471
0.176471
0
0
0.045752
0
0.117647
0.810648
0
0.058824
0
0
0.882353
0.411765
0
0.04083
0.058824
0.234389
0.588235
0.003056
0
0
0.057389
0
0.588235
0.058824
-0.012788
0
0
0.117647
0.117647
0
-0.058824
0.810648
0.117647
0.058824
0.176471
0.173375
0
0.470588
0
0
0
0
0
0.003056
0
0.058824
0.615825
0.058824
0.239351
0.176471
0.138718
0.117647
0.235294
0.063939
0
0.117647
0.117647
0.823529
0.411765
0.058824
0
0
-0.029815
0.529412
0
0.176471
0.352941
0.296535
0
0
0.117647
0.615825
0.176471
0
0.220114
0.294118
0.117647
0.082353
0
0
0
0.117647
0
0.235294
0
0
-0.029815
0.058824
