0.117647
0.058824
0.031077
0.117647
0.058824
0.117647
0
0.176471
0.176471
0.176471
0.352941
0.518283
0
0.705882
0
0
0.588235
0.176471
0.374332
0.352941
0.058824
0.66858
0.823529
0
0.460208
0
0.093306
0.176471
0.294118
0.117647
0.352941
0
0.058824
0.941176
0.117647
0.117647
0
0.529412
0
0
0.176471
0.176471
0.117647
0.470588
0.352941
0
0
0.117647
0.352941
0.352941
0.294118
0
0
0.058824
0.810648
0.117647
0.155321
0
0.352941
0
0.39257
0
0.235294
0.058824
0.173375
0.588235
0
0.235294
0
0.551261
0.058824
0
0
0.352941
0.031077
0
0
0.486962
0.058824
0
0
0.117647
0
0
0.235294
0.058824
0.239351
0.705882
0
0.176471
0.176471
0.235294
0
0
0.470588
0.173375
0
0
0.470588
0.117647
0
0.39257
0
0.745554
0.440622
0
0.39257
0.063939
0
0
0.615825
0.117647
0.117647
0.352941
0.294118
0.058824
0.117647
0.294118
0.058824
0
0.058824
0.082353
0.588235
0.518283
0.058824
0
0.117647
0.423001
0
0.058824
0
0.528872
0.598377
0.352941
0.411765
0.529412
0.058824
0.058824
0.220114
0.66858
0.117647
0.058824
0
0
0
0
0.005348
0.352941
0
0
0.058824
0.057389
0
0.117647
0
0.66858
0
0.058824
0.764706
0
0.058824
0.117647
0.058824
0.680603
0.470588
0.117647
0
0.235294
0.705882
0
0.117647
0.423001
0.117647
0.66858
0.058824
0.411765
0.764706
0
0.162791
0.176471
0.235294
0.058824
0.294118
0.326203
0
0
0.058824
0
0.058824
0.058824
0
0.423001
0.359477
0.058824
1
0
0
0.941176
0
0.294118
0
0.460208
0
0.117647
0.176471
0.261438
0.460208
0
0.359477
0.411765
0.058824
0.294118
0.058824
0
0
0.117647
0.117647
0
0
0.117647
0.176471
0.052632
0.117647
0.117647
0.235294
0.296535
0.294118
0
0
0.117647
0.294118
0.173375
0.598377
0
0
0.294118
0
0
0
0.294118
0.588235
0
0
0.058824
0.117647
0
0.117647
0.235294
0.058824
0
0.411765
0.411765
0.823529
0.117647
0.745554
0.411765
0.528872
0
0.588235
0.423001
0.294118
0.176471
0
0.117647
0.198728
0.058824
0
0.058824
0.226244
0.176471
0.058824
0.117647
0
0
0.588235
0
0
0
0
0.058824
0
0
0.470588
0.352941
0.114046
0.058824
0.374332
0.058824
0.518283
0
0
0
0
0.470588
0
0.705882
0.588235
0
0
0.59276
0
0.882353
0.058824
0.365754
0.138718
0
-0.037647
0.294118
0.235294
0.352941
0.058824
0
0.294118
0
0.058824
0.615825
0
0.680603
0.551261
0.294118
0.176471
0.117647
0.117647
0
0.941176
0
0.294118
0.359477
0.294118
0.529412
0.352941
0.359477
0.440622
0
0.016807
0
-0.045249
0.058824
0.058824
0
0
0.117647
0
0.058824
0
0
0.235294
0.294118
0.058824
0.411765
0
0.117647
0.117647
0.235294
0
0
0.016807
0
0
0.117647
0.176471
0.518283
0
0.058824
0
0.352941
0
0
0.234389
0.058824
0.058824
0.008285
0.176471
0
0
0.117647
0.290479
0.176471
0.176471
0.117647
0
0.058824
0.59276
0.411765
0
0.598377
0.235294
0
0
0.117647
0.008285
0.096886
0.352941
0.176471
0
0.294118
0.529412
0
0.764706
0
0
0.588235
0.647059
0.005348
0
0.058824
0
0.423001
0
0.294118
0
0.045752
0.882353
0
0.176471
0.423001
0.239351
0.058824
0.058824
0
0.176471
0.359477
0
0.529412
0
1
0.296535
0
0
0.138718
0
0.176471
0.058824
0.058824
0.470588
0
0.411765
0.235294
0.941176
0
0
0
0.058824
1
0
0.235294
0.411765
0.117647
0.226244
0.058824
0
0.528872
0.003056
0.058824
0
0.114046
0.058824
0.470588
0.138718
0.39257
0
0.598377
0.058824
0
0
0.058824
0
0
0
0
0.117647
0.176471
0.470588
0
0
0.294118
0.235294
0
0.117647
0.411765
0.486962
0
0
0.66858
0.058824
0.058824
0
0.764706
0.294118
0
0.529412
0.058824
0.058824
0.294118
1
0.411765
0.058824
0.598377
0.352941
0.352941
0.117647
0.882353
0.528872
0.117647
0.176471
0.058824
0
0.764706
0.058824
0
0.518283
0.374332
0
0.003056
0.294118
0
0.615825
0
0.117647
0.058824
0.235294
0.058824
0.176471
0.117647
0
0
0
0
0.058824
0.764706
0
0.058824
0.705882
0
0.117647
0.823529
0.235294
0
0.294118
0.058824
0.058824
0.176471
0
0.764706
0.058824
0.235294
0.529412
0.411765
0
0.114046
0.294118
0.352941
0.058824
0.705882
0.359477
1
0.529412
0.66858
0
0
0.058824
0.117647
0.093306
0.261438
0.058824
0.058824
0.235294
0.875862
0
0.117647
0.117647
0
0.294118
0.058824
0
0.518283
0.176471
0
0.058824
0.117647
0.326203
0.093306
0.058824
0.882353
0.058824
0
0.176471
0.117647
0
0.058824
0.294118
0.588235
0.294118
0.058824
0.117647
0.176471
0.058824
0
0
0
0.764706
0
0.117647
0
0.823529
0
0.739367
0.117647
0.058824
0.117647
0
0.66858
0.058824
0
0
0
0
0.058824
0
0.352941
0.104575
0
0
0
0.445378
0
0.296535
0
0
0.647059
0.294118
0.117647
0.117647
0.114046
0.176471
0
0.176471
0.296535
0.810648
0.063939
0
0.176471
0.528872
0.529412
0.045752
0.352941
0
0.470588
0
0
0.058824
0.117647
0.220114
0.117647
0.058824
0.005348
0
0
0.647059
0.529412
0
0.235294
0.138718
0
0.117647
0.359477
0
0
0
0
0.058824
0.058824
0.117647
0
0.176471
0.294118
0.551261
0.176471
0.352941
0.058824
0.588235
0
0.445378
0.235294
0
0
0
0
0
0.411765
0.058824
0
0.460208
0.117647
0
0.647059
0
0
0
0.104575
0.352941
0
0.39257
0.117647
0.057389
0.374332
0.058824
0
0.528872
0.005348
0
0
0.176471
0.176471
0.058824
0
0
0
0.705882
0.352941
0
0.359477
0
0.176471
0.647059
0.411765
0.352941
0.058824
0.117647
0
0
0
0.470588
0.117647
1
0
0.058824
0
0
0.294118
0.294118
0.647059
0.294118
0.117647
0
0.294118
0.365754
0.647059
0.058824
0.588235
0.352941
0.058824
0.235294
0.234389
0.529412
0.173375
0.234389
0.66858
0.058824
0.764706
0.058824
0.057389
0.117647
0
0
0.615825
0.176471
0
0.117647
0.352941
0.647059
0.117647
0.117647
0.529412
0.176471
0
0
0.235294
0
0.518283
0.117647
0.117647
0.117647
0.235294
0
0.058824
0.588235
1
0.117647
0.058824
0.058824
0
0.058824
0.058824
0
0.411765
0.365754
0.294118
0.058824
0.411765
0.220114
0
0.290479
0.058824
0.235294
0.058824
0.016807
0
0
0.008285
0.117647
0.117647
0
0.058824
0.058824
0.117647
0.058824
0.117647
0
0
0.764706
0.058824
0.529412
0.705882
0.529412
0.117647
0
0
0.058824
0
0
0.39257
0.058824
0.294118
0
0
0.058824
0.173375
0
0.235294
0.296535
0.261438
0
0.680603
0.411765
0.235294
-0.026738
0
0
0.093306
1
0.117647
0.058824
0.117647
0
0.104575
0.411765
-0.03268
0.058824
0.058824
0.235294
0.176471
0
0
0.058824
0
0.294118
0.294118
0
0
0.235294
0.529412
0
0
0.615825
0.764706
0.411765
0.235294
0
0.226244
0.058824
0
0.588235
0.411765
0.235294
0.117647
0.941176
0.117647
0.058824
0.234389
0.176471
0.058824
0.058824
0.234389
0
0.875862
0
0.745554
0.082353
0
0.057389
0.235294
0
0.470588
0
0.294118
0.058824
0.235294
0
0
0.705882
0.235294
0.058824
0.411765
0
0
0.117647
0
0.445378
0.810648
0
0.423001
0
0.235294
0.261438
0
0.176471
0
0.235294
0
0
0.941176
0.058824
0.470588
0.058824
0.093306
0.941176
0.352941
0.058824
0.235294
0
0.529412
0
0
0.117647
0.598377
0.470588
0.411765
0
0
0.058824
0.261438
0.058824
0.042017
0
0
0.117647
0.39257
0.882353
0.117647
0.411765
0.615825
0.176471
0
0.352941
0
0.359477
0
0.058824
0.117647
0
0.058824
0
0.239351
0
0.235294
0.647059
0
0.117647
0.235294
0.235294
0.529412
0.529412
0.352941
0.352941
0
0
0.411765
0.058824
0.058824
0.031077
0.529412
0.176471
0.058824
0.117647
0.352941
0.294118
0.058824
0.117647
0.117647
