0.176471
0
0
0.117647
0.294118
0.096886
-0.050145
0.082353
0.352941
0.173375
0.117647
0.176471
0.058824
0.176471
0.352941
0
0
0
0.117647
0.155321
0
0.005348
0
0.063939
0.058824
0.470588
0.296535
0.235294
0.117647
0.058824
0.294118
0.058824
0.058824
0.058824
0.117647
0.239351
0.294118
0.411765
0.138718
0
0.198728
0
0.423001
0.104575
0
0.058824
0.058824
0.239351
0
0
0.176471
0.031077
0.235294
0.058824
0.058824
0.305503
0.117647
0.176471
0.005348
0
0
0.294118
0.057389
0.016807
0.176471
0.058824
0.117647
0.470588
0
0.114046
0.235294
0
0.176471
0
-0.029815
0
0.423001
0.117647
0.235294
0.117647
0
0
0.008285
0.005348
0
0.470588
0.058824
0.058824
0.058824
0.008285
0.176471
0
0
0
0.176471
0.008285
0.058824
0.235294
0
0.117647
0.058824
0.114046
0
0.411765
0
0.117647
0
0.058824
0.117647
0
0
0.058824
0.176471
0.058824
0.063939
0.423001
0.235294
0.235294
0
0
0.058824
0.470588
0.058824
0
0.042017
0.294118
0.114046
0.117647
0.082353
0.359477
0.058824
0
0.305503
0.008285
0.003056
0.411765
0.114046
0.411765
0.235294
0.296535
0
0.176471
0.296535
0
0.411765
0.235294
0.117647
0
0.117647
0.296535
0.239351
0
0
0.058824
0.294118
0.058824
0
0.096886
0
0.058824
0.352941
0
0.261438
0.374332
0
0.235294
0
0.082353
0.117647
0
0.04083
0.326203
0.058824
0.226244
0
0.176471
0
0
0.39257
0
0.052632
0
0.058824
0.176471
0.176471
0
0
0.117647
0
-0.048443
0
0.359477
0.173375
0.294118
0.359477
0.235294
0.352941
0.117647
0.352941
0
0.058824
0.470588
0.326203
0.235294
0
0.445378
0
0.296535
0
0
0.374332
0.352941
0.423001
0.176471
0.261438
0.058824
0.294118
0
0.114046
0.117647
0.04083
0.117647
0.445378
0
0.117647
0.294118
0.220114
0.326203
0
0.117647
0.058824
0.352941
0
0.326203
0
0.460208
0
0.173375
0.058824
0.294118
0.411765
0.176471
0.235294
0.359477
0
0.117647
0.117647
0.058824
-0.058824
0.058824
0.058824
0
0.117647
0.058824
0.176471
0.058824
0
0.003056
0
0
0.114046
0.104575
0.162791
0.234389
0.176471
0.058824
0.235294
0.470588
0.374332
0.016807
0.058824
0.058824
0.058824
0
0.052632
0.117647
0.117647
0.235294
-0.012788
-0.012788
0
0
0.176471
0.117647
0.234389
0.294118
0.326203
0.226244
0.058824
0
0.058824
0.058824
0.058824
0.058824
0.117647
0.176471
0.294118
0.352941
0.359477
0
0
0
0
0.117647
0
0
0
0.365754
0.117647
0.470588
0.470588
0.470588
0.117647
0
0.117647
0
0.082353
0.235294
0.294118
0.411765
0
0.359477
0.058824
0.176471
0
0.176471
0.058824
0.235294
0.176471
0.352941
0.374332
0.359477
0.005348
0.058824
0.470588
0.374332
0.058824
0.198728
0.117647
0.058824
0
0.114046
0
0
0.117647
0.423001
0.058824
0.114046
0.261438
0.058824
0.057389
0
0
0.104575
0.235294
0.445378
0.063939
0
0
0
0
0.374332
0.117647
0.093306
0
0.058824
0.470588
0.294118
0.063939
0.058824
0.058824
0
0.117647
0
0
0.082353
0.058824
0.117647
0.052632
0.235294
0.235294
0.411765
0.352941
0.117647
0
0.296535
0
0.235294
0.176471
0.305503
0.117647
0.359477
0.057389
0
0
0
0.226244
0.352941
0.117647
0
0.162791
0.117647
0.460208
0
0.058824
0
0.058824
0.031077
0.359477
0.176471
0
0.294118
0.176471
0.352941
0.470588
0.423001
0.294118
0.176471
0.058824
0
0.470588
0.057389
0
0
0
0.239351
0.058824
0.235294
0
0.235294
0.39257
0
0.305503
0.058824
0.031077
0.058824
0
0.220114
0.058824
0
0.114046
0.005348
0.117647
-0.021672
0.411765
0.470588
-0.031674
0.096886
0.470588
0.176471
0.290479
0
0.114046
0
0.052632
0
0.058824
0
0.235294
0.058824
0.117647
0.117647
0.155321
0
0
0.176471
0.294118
0.234389
0
0.117647
0.220114
0.176471
0.058824
0.005348
0.093306
0
-0.058824
0.117647
0.294118
0.235294
0.058824
0
0
0
0
0.138718
0.058824
0.058824
0
0.005348
0.220114
0.058824
0.138718
0.096886
0
0
0.058824
0.117647
0.198728
0.096886
0.117647
0.117647
0.294118
0.096886
0.058824
0.176471
0
0
0.235294
0.008285
0.104575
0
0
0.352941
0
0.117647
0.294118
0.423001
0.440622
0
-0.051765
0.031077
0.058824
0
0.352941
0
0
0.235294
0.234389
0
0
0
0
0.470588
0
0.411765
0.117647
0.058824
0
0
0.470588
0.352941
-0.052122
0.173375
0
0.117647
-0.048443
0
0.176471
0.296535
-0.050145
0.058824
0.176471
0
0.117647
0.460208
0
0
0
0.176471
0.117647
0
0.063939
0.294118
0.352941
0.235294
0.470588
0.117647
0.235294
0
0
0
0.058824
0.057389
0.176471
0.352941
0.117647
0.063939
0
0.003056
0.082353
0
0.294118
0.261438
0.294118
0.374332
0
0.117647
0
0.290479
0
0.470588
0.352941
0.057389
0
0.117647
0
0.235294
0
0.058824
0
0.058824
0.176471
0.176471
0.058824
0.176471
0
0.411765
0.411765
0
0.235294
0.423001
0.365754
0.239351
0.176471
0.117647
0
0.117647
0.470588
0.173375
0.117647
0.058824
0.294118
0.031077
0.176471
0.411765
0.117647
0.176471
0.058824
0
0.176471
0.117647
0.117647
0.052632
0.352941
0.058824
0.117647
0
0
0.176471
0.003056
0
0.352941
0.058824
0
0.235294
0.176471
0.117647
0
0
0.352941
0.058824
0.305503
0.117647
0
0
0.052632
0.176471
0.031077
0.117647
0.063939
0.176471
0.058824
0.445378
0.058824
0
0.117647
0.176471
0
0.063939
0
0.234389
0.235294
0.176471
0
0
0
0.114046
0.352941
0.176471
0
0
0.082353
0
0.152941
0
0
0
0.114046
0
0
0.235294
0
0.058824
0.031077
0.045752
0
0.058824
0.460208
0
0.235294
0
0
0
0.176471
0.359477
0
0
0.117647
0
0
0.117647
0.005348
0.445378
0.294118
0.326203
0.008285
0
0.176471
-0.048443
0.117647
0
0.058824
0.082353
0.058824
0.117647
0.058824
0.096886
0.045752
0.005348
0.470588
0.359477
0.005348
0
0.294118
0.058824
0.176471
0.005348
0.114046
0.058824
0.365754
0.058824
0.294118
0.352941
0.058824
0.117647
0.117647
0.058824
0.117647
0.058824
0.239351
0.117647
0
0.352941
0.162791
0
0.058824
0
0.294118
0
0
0.352941
0.045752
0.220114
0.470588
0.042017
0
0.117647
0
0.058824
0.365754
0.016807
0.411765
0.176471
0.04083
0
0
0
0
0.352941
0
0.235294
0.058824
0.005348
0
0.058824
0.220114
0.460208
0.058824
0
0
0.058824
0.058824
0.176471
0.052632
0.138718
0.117647
0
0.294118
0.411765
0.058824
0.117647
0
0.290479
0.117647
0.352941
0.173375
0.058824
0
0.058824
0.117647
0.117647
0
0.290479
0
0.005348
0
0
0.117647
0.155321
0
0
0.117647
0.058824
0.058824
0.294118
0.176471
0.460208
0.058824
0.096886
0.058824
0
0.352941
0.235294
0.057389
0.058824
0.294118
0.235294
0.058824
0.294118
0
0.082353
0.176471
0
0
0.058824
0.198728
0.176471
0.198728
0.058824
0.117647
0
0.445378
0.294118
0.058824
0.176471
0.114046
0.138718
0
0.057389
0
0.058824
0
0.117647
0.296535
0
0.082353
0.176471
0.365754
0.290479
0.352941
0
0.411765
0.117647
0
0.470588
0.058824
0.445378
0.374332
0.117647
0.104575
0.235294
0.117647
0.058824
0.117647
0
0.058824
0
0
0
0.117647
0.117647
0.290479
0
0.117647
0.423001
0.058824
0.058824
0.117647
0.117647
0.235294
0.198728
0.117647
0.234389
0
0.063939
0
0.04083
0.234389
0.235294
0.016807
0.058824
0
0.016807
0
0.058824
0.117647
0.117647
0.294118
0
0
0.117647
0
0
0.058824
0.294118
0.411765
0.045752
0.226244
-0.050145
0.138718
0.058824
0.117647
0.352941
0.058824
0
0.352941
0.058824
0.352941
0.058824
0.176471
0.058824
0.198728
0.058824
0.058824
0.005348
0.058824
0.138718
0
0
0.057389
0.058824
0
0.198728
0.031077
0.226244
0.117647
0
0.176471
0.058824
0
0.176471
0.423001
0.352941
0
0.058824
0.003056
-0.058824
0.294118
0.470588
0
0
0.042017
0
0.176471
0.058824
0
0.058824
0
0.058824
0.235294
0.239351
0.470588
0.117647
0
0
-0.048443
0.058824
0
0.234389
0.058824
0.176471
0.176471
0
0.058824
0.058824
0.096886
0.235294
0.176471
0.176471
